GEN: 72BEST SCORE: 5.199999999999999[[-0.80599187  0.2417622   0.41522716  0.8400324  -0.49375644  0.06191124
  -0.1588036  -0.24782213]
 [-0.95613536  0.28551498 -0.26656323 -0.70147224  0.50668527 -0.53818042
   0.13239134 -0.78954937]
 [ 0.02104783 -0.37198599  0.79970451  0.6849582   0.76847587 -0.65133392
  -0.84504502 -0.57983811]
 [ 0.85006828 -0.96085686 -0.12158069 -0.68888784  0.98981337  0.00670979
  -0.85220136 -0.92966264]
 [ 0.97079232 -0.32577927  0.09251709 -0.5651089   0.36829161  0.84136172
  -0.49580015  0.99953239]
 [-0.24401703 -0.15061276 -0.82282804  0.20184602  0.94289002  0.60417504
   0.76435449  0.8259101 ]
 [-0.16042308  0.55772334 -0.15156325  0.24832223  0.54219015  0.93489272
   0.59153162 -0.9576994 ]
 [ 0.45388503 -0.50657158 -0.39028455 -0.1639592  -0.66705591  0.96870339
   0.99669955  0.20009068]
 [-0.03588505 -0.75565075  0.90076082  0.99099148 -0.19566575 -0.76418155
  -0.62705789  0.53299817]
 [ 0.59088643  0.24661084  0.12197071  0.33440454  0.52872887 -0.41341537
   0.74385666  0.65240087]][[-5.17389231e-01  9.70237496e-01  5.95910377e-01  4.26622104e-04
   2.68502346e-01 -8.42551812e-02  6.62717214e-01 -7.55487994e-01
  -6.53975829e-01  6.85424035e-01]
 [ 3.32133862e-01  5.24203500e-01  4.13519484e-01  1.78383084e-01
  -4.47896286e-01  1.40074775e-01 -4.56820400e-01  4.54612144e-01
  -7.83755559e-01  3.11943624e-02]
 [ 6.88158267e-01 -7.01511334e-01  4.95151449e-01  1.16938105e-01
  -4.74192878e-01 -6.10424340e-01 -7.93436577e-02 -1.29817546e-01
   7.07887438e-01 -7.99681446e-01]
 [ 6.49097603e-01 -4.90316179e-01  4.86235165e-01  1.75463557e-01
  -7.20162317e-01  5.68783149e-01  5.54074313e-02 -4.65849419e-01
   4.92046111e-01  2.85020844e-01]][-0.60726759  0.92895646 -0.84571744  0.85581058 -0.07429463 -0.76042148
  0.29143034 -0.48595435 -0.8742539   0.0549213 ]