GEN: 56
BEST SCORE: 7.800000000000001
[[-0.70169729 -0.54432619 -0.8477018  -0.20735146 -0.51602564  0.25046148
  -0.63554874 -0.25541876]
 [ 0.35257911  0.7815845  -0.89197115  0.72518407 -0.7569727  -0.24832587
   0.26839392 -0.94339042]
 [ 0.48059212 -0.80668481 -0.59093306 -0.85366971 -0.49761635  0.31963979
  -0.09479818 -0.23551745]
 [-0.09068286 -0.66708447 -0.90243936 -0.07346764  0.93162665 -0.60287807
   0.07281477 -0.5341574 ]
 [-0.52222122 -0.45954257  0.63447983  0.50943684 -0.46851408 -0.49312318
   0.68266021 -0.09354246]
 [-0.83227864  0.64083109 -0.93391685  0.42672837  0.4125282  -0.62837956
   0.7622118   0.73394464]
 [ 0.83930159  0.36410836 -0.81515791 -0.47553137  0.46388599 -0.69292993
  -0.24673552  0.80415316]
 [-0.69236763  0.29593712  0.43271654  0.41438548  0.49681134 -0.1571463
   0.78835253  0.47803536]
 [ 0.13207586 -0.58702278 -0.58393201 -0.60873657  0.8862928  -0.70572821
  -0.71794856  0.44195927]
 [-0.13800352 -1.06125321  0.32276004 -0.40692807  0.98957945  0.61141041
   0.9220404   0.34764686]]
[[ 0.60836288 -0.49418038 -0.09361453  0.28112756 -0.33796603 -0.78341112
   0.96962689 -0.39405407  0.45257665  0.53526701]
 [ 0.21167678  0.21063785 -0.05587504 -0.09260145  0.14966502  0.94445074
  -0.62039188 -0.77276463  0.6342795   0.60582993]
 [-0.63752427  0.35656368  0.49687669  0.53025146 -0.93818152  0.14832691
  -0.9529035   0.1561001  -0.10065754 -0.39647418]
 [ 0.90619263  0.43650507  0.19651396  0.88937417  0.88635295  0.33500942
  -0.71573647 -0.10085184 -0.83584801 -0.00934703]]
[ 0.32903634 -0.36641608 -0.22114873  0.74265848  0.06850419 -0.57195028
  0.12135752 -0.75635721 -0.94798014  0.08159436]
