GEN: 4
BEST SCORE: -2.933333333333336
[[-0.86194458 -0.60364705  0.41315581  0.90391151  0.12841355 -0.67014917
  -0.09863142 -0.70187278]
 [ 0.70278552  0.82752965  0.72809677  0.59776952  0.78932712  0.60194583
  -0.50057241 -0.55685273]
 [ 0.69575031 -0.6663372   0.60115618 -0.44810248 -0.83962926 -0.52427881
   0.58148924  0.67952264]
 [-0.27361235  0.78472826  0.21941228  0.66068487  0.421964    0.08301482
   0.67688781  0.59365223]
 [ 0.57856302 -0.09939391  0.48533236 -0.20796355 -0.1268955  -0.60044829
   0.44280435  0.12332126]
 [ 0.66128564 -0.77712629 -0.227704   -0.48405268 -0.75812317  0.31245805
  -0.78494303  0.94520187]
 [ 0.31093895 -0.7295456  -0.95461757 -0.82576799 -0.3207944  -0.67718437
   0.70875736  0.38771884]
 [ 0.75591485 -0.33002299  0.49907715  0.0139732   0.55380366 -0.5027999
   0.75739425 -0.67222259]
 [-0.21699109  0.51090805  0.76190425  0.22056009  0.39079618  0.24686112
  -0.44167197  0.38341038]
 [ 0.92256196  0.12856291  0.5780064   0.09898374  0.41654414  0.48994369
   0.73523873  0.24707279]]
[[-0.5401465  -0.66001495 -0.02591166  0.79435552  0.7633444   0.50018877
  -0.71420765 -0.31783655  0.40327812 -0.62441532]
 [-0.02577873 -0.03152658 -0.56776251 -0.82439651  0.66111599 -0.89552589
   0.85279401 -0.07515042  0.72686412 -0.01191092]
 [-0.32039976 -0.32983912 -0.21517461  0.09517841 -0.29918126  0.93851223
  -0.01199577  0.89718603 -0.5203461   0.6484399 ]
 [ 0.47516808  0.65273819 -0.62935031 -0.968621    0.51442483 -0.63722249
  -0.62615988 -0.09530578 -0.34168625  0.75247991]]
[-0.38438127  0.93898701 -0.2131143   0.39569082 -0.91812189  0.88829593
 -0.52713286  0.91778362  0.88939771  0.62554339]
GEN: 8
BEST SCORE: 6.333333333333334
[[-0.9524866  -0.64278039  0.05153577  0.62156266  0.13317397 -0.81630885
  -0.02408993  0.66074841]
 [ 0.83345232 -0.19347753 -0.48858128  0.42605463  0.44543816 -0.46014709
  -0.95206595  0.85070696]
 [ 0.50843906  0.69255385 -0.07040577  0.10255637 -0.86896278  0.85195688
  -0.78571532  0.6310978 ]
 [ 0.18643318  0.27053376 -0.41837486  0.7217448   0.62276543 -0.58323072
  -0.81025923 -0.97752336]
 [-0.76530671 -0.65140217 -0.80005513 -0.68216273  0.62229037  0.92858368
  -0.67316882 -0.89479519]
 [-0.35432825 -0.7478806   0.19480433  0.39482297 -0.29536465 -0.19805683
  -0.92791638 -0.45387084]
 [-0.43997301  0.03872539  0.80293831  0.31525109  0.56753729  0.10074722
   0.8154832   0.90749823]
 [ 0.89299728  0.4946271  -0.03201584 -0.72885856 -0.60554589  0.08142938
  -0.54199572  0.75810657]
 [ 0.43808716  0.21399437  0.75703319  0.76264544  0.91247839 -0.93658685
   0.61300506  0.54480372]
 [-0.25349113 -0.84618456 -0.32447572 -0.09038727 -0.56990879  0.27836644
   0.20204424  0.92627175]]
[[-0.24827139  0.39038983  0.03989495  0.06675156  0.7395902  -0.73114644
   0.72107339 -0.45476479 -0.32903028  0.3523634 ]
 [-0.26570764 -0.5657626  -0.81359376 -0.74087359  0.27236441  0.25625475
   0.65193168  0.91659233 -0.45563397 -0.82801449]
 [ 0.41969598  0.62577793  0.95054286  0.12341488  0.19948668  0.26810698
  -0.69373702  0.85148144  0.50084438 -0.0566767 ]
 [ 0.67537444  0.51931008  0.54493187  0.6601004   0.33624656 -0.01796715
  -0.82467665  0.61617338 -0.11152114  0.84910496]]
[-0.12543425 -0.70770549  0.04652912 -0.06716398 -0.16883596 -0.35441029
  0.73111835 -0.98804513 -0.9741906  -0.3087204 ]
GEN: 12
BEST SCORE: 7.533333333333335
[[-0.93423988 -0.65319793  0.0985971   0.59874853  0.20711692 -0.8186433
   0.01465174  0.68370423]
 [ 0.84184157 -0.15522769 -0.45677585  0.42840225  0.40000327 -0.4565555
  -1.00621035  0.87782545]
 [ 0.47474404  0.70537934 -0.06974734  0.13073765 -0.87410154  0.84297915
  -0.82820752  0.66830527]
 [ 0.21362819  0.27832966 -0.42734807  0.7784546   0.6136272  -0.6227502
  -0.82236595 -1.00292492]
 [-0.72543824 -0.5867394  -0.79551081 -0.6811373   0.63970014  0.92421723
  -0.68987308 -0.93047376]
 [-0.36305978 -0.76351294  0.18913891  0.38767634 -0.30984356 -0.21035059
  -0.91384204 -0.46284766]
 [-0.47747648  0.03095705  0.79477713  0.28369224  0.59590632  0.1017199
   0.78243242  0.89533271]
 [ 0.8558418   0.46904757 -0.00352769 -0.70948837 -0.65642255  0.06939977
  -0.56252885  0.7996861 ]
 [ 0.39858704  0.2286589   0.74184044  0.78908794  0.85357796 -0.91697764
   0.59722965  0.48288452]
 [-0.23165563 -0.86687611 -0.31607512 -0.10975621 -0.56926647  0.31440962
   0.22082976  0.94446268]]
[[-0.27280582  0.39634425  0.1013217   0.01586535  0.75960328 -0.69519223
   0.73856601 -0.42047147 -0.33767909  0.27997816]
 [-0.25202241 -0.56657283 -0.76369152 -0.70700133  0.24101269  0.26579207
   0.63097985  0.93833916 -0.47961066 -0.82161031]
 [ 0.41607848  0.61585027  0.97716807  0.10504401  0.20082648  0.26117418
  -0.67531992  0.86077267  0.48957348 -0.0231621 ]
 [ 0.63842959  0.4954377   0.54612443  0.67602222  0.35003424 -0.03086525
  -0.85891042  0.65200093 -0.07950472  0.86496529]]
[-0.11763115 -0.75080312 -0.00534346 -0.0518326  -0.18270914 -0.36247112
  0.77548209 -0.97486662 -0.96863923 -0.32738323]
GEN: 16
BEST SCORE: 7.533333333333335
[[-0.93423988 -0.65319793  0.0985971   0.59874853  0.20711692 -0.8186433
   0.01465174  0.68370423]
 [ 0.84184157 -0.15522769 -0.45677585  0.42840225  0.40000327 -0.4565555
  -1.00621035  0.87782545]
 [ 0.47474404  0.70537934 -0.06974734  0.13073765 -0.87410154  0.84297915
  -0.82820752  0.66830527]
 [ 0.21362819  0.27832966 -0.42734807  0.7784546   0.6136272  -0.6227502
  -0.82236595 -1.00292492]
 [-0.72543824 -0.5867394  -0.79551081 -0.6811373   0.63970014  0.92421723
  -0.68987308 -0.93047376]
 [-0.36305978 -0.76351294  0.18913891  0.38767634 -0.30984356 -0.21035059
  -0.91384204 -0.46284766]
 [-0.47747648  0.03095705  0.79477713  0.28369224  0.59590632  0.1017199
   0.78243242  0.89533271]
 [ 0.8558418   0.46904757 -0.00352769 -0.70948837 -0.65642255  0.06939977
  -0.56252885  0.7996861 ]
 [ 0.39858704  0.2286589   0.74184044  0.78908794  0.85357796 -0.91697764
   0.59722965  0.48288452]
 [-0.23165563 -0.86687611 -0.31607512 -0.10975621 -0.56926647  0.31440962
   0.22082976  0.94446268]]
[[-0.27280582  0.39634425  0.1013217   0.01586535  0.75960328 -0.69519223
   0.73856601 -0.42047147 -0.33767909  0.27997816]
 [-0.25202241 -0.56657283 -0.76369152 -0.70700133  0.24101269  0.26579207
   0.63097985  0.93833916 -0.47961066 -0.82161031]
 [ 0.41607848  0.61585027  0.97716807  0.10504401  0.20082648  0.26117418
  -0.67531992  0.86077267  0.48957348 -0.0231621 ]
 [ 0.63842959  0.4954377   0.54612443  0.67602222  0.35003424 -0.03086525
  -0.85891042  0.65200093 -0.07950472  0.86496529]]
[-0.11763115 -0.75080312 -0.00534346 -0.0518326  -0.18270914 -0.36247112
  0.77548209 -0.97486662 -0.96863923 -0.32738323]
