GEN: 50
BEST SCORE: 195.5574355168328
[[-0.47555495  1.77260673 -0.89728156 -0.06347403 -1.34419513]
 [ 0.95918013  0.19836865 -0.32122416  0.55508585 -0.47759421]
 [-0.49225414  0.18022502 -0.8570773  -1.09406241  1.70734036]
 [-1.86248171  1.44593685 -0.06888771  0.40999512 -0.28969804]]
[[-0.501361    0.82749193  0.37904769 -0.01547186]
 [-0.27395975  0.61215821  1.0948001  -1.41337353]
 [ 1.59820089 -0.43530029 -0.97348243  0.10739452]
 [-1.25309531 -0.61034044 -2.0283122  -1.53045406]]
[ 0.53815853  0.43126436  0.37076522 -0.07765384]

