GEN: 15
MAX SCORE: 110.0
[ 0.17119828  0.79100313 -0.36195096 -0.77904745 -0.99782766  0.92867607
  0.96164377 -0.5329844   0.92101253  0.34024526 -0.65829625 -0.0747155
  0.32076333 -0.55889209 -0.72928332  0.36705588  0.72091662  0.43266018
  0.22547062 -0.46708997 -0.09478768  0.75393865 -0.21783489 -0.15082516
 -0.23432458 -0.84113528 -0.92230957  0.51950368 -0.03525379 -0.78732602
 -0.91901622  0.3546009   0.79974153 -0.93035277 -0.86180373 -0.15981587
  0.37125605  0.64150286  0.30890029 -0.61259042  0.79890938 -0.85401668
 -0.79544999  0.90074957  0.71771136  0.45390171 -0.95444643  0.33466344
  0.79874562  0.56919666  0.68300694 -0.39675369  0.88692053 -0.26301083
 -0.40159408  0.40389253  0.68897286 -0.6376159  -0.44350333 -0.10979091
 -0.91653138  0.72124514 -0.91892181  0.43744924 -0.04654025  0.77556857
  0.98811253 -0.20516691  0.35492636 -0.40015253 -0.86190995  0.87042853
  0.50289815 -0.57860307  0.84415359 -0.19340187  0.8827449   0.14601837
 -0.14652734  0.66010572  0.99495624  0.61734158 -0.92689408 -0.98038795
 -0.93280549  0.90590344 -0.98856836  0.8309267   0.91841317 -0.93654103
  0.78949716  0.64159145 -0.00965466  0.94774462  0.04893649  0.52125933
  0.36978187  0.08036106  0.4474338  -0.93175618 -0.97971113  0.51311401
 -0.91425273 -0.36557112 -0.77258948 -0.62829317 -0.99350466  0.91677812
 -0.41119057 -0.92694551  0.54002874]

GEN: 30
MAX SCORE: 158.0
[ 0.17255934  0.79100313 -0.38719994 -0.77904745 -0.99782766  0.92804427
  0.96390979 -0.5329844   0.92101253  0.32703751 -0.65829625 -0.0747155
  0.33204479 -0.55889209 -0.72928332  0.36705588  0.72094168  0.43266018
  0.13499259 -0.46708997 -0.08921271  0.7539518  -0.21783489 -0.15082516
 -0.23432458 -0.84113528 -0.88113836  0.51950368 -0.24493273 -0.78732602
 -0.93177623  0.41618883  0.79974153 -0.92817682 -0.86180373 -0.15981587
  0.35305924  0.64150191  0.34883059 -0.95665339  0.79890938 -0.85401668
 -0.79544999  0.90074957  0.71768864  0.45390171 -0.95463553  0.33465901
  0.79694596  0.56919666  0.68300694 -0.39640532  0.88697372 -0.26301083
 -0.40159408  0.40389253  0.23138345 -0.84155212 -0.44350333 -0.10979091
 -0.91653138  0.72124514 -0.91892181  0.43744924 -0.04654025  0.77556857
  0.98829962 -0.18614477  0.35492636 -0.40152729 -0.86190995  0.87042853
  0.50289815 -0.58215841  0.84415359 -0.19439139  0.88274387  0.13445031
 -0.14738313  0.66010572  0.99495624  0.61462279 -0.68981252 -0.98038795
 -0.93280549  0.90590344 -0.98856836  0.83228553  0.91841317 -0.93654103
  0.78949716  0.6696677  -0.06491206  0.94811042 -0.14186682  0.52125933
  0.20026138  0.08036106  0.4474338  -0.93175618 -0.97971113  0.82706971
 -0.91425273 -0.36557112 -0.89710186 -0.62829317 -0.98022991  0.91677812
 -0.41119057 -0.92694551  0.54002874]

GEN: 45
MAX SCORE: 154.0
[ 0.17255934  0.79100313 -0.36195096 -0.725937   -0.93260581  0.92797178
  0.96390979 -0.53304164  0.97210384  0.33606723 -0.65829625 -0.07757335
  0.40976331 -0.31967328 -0.72928332  0.36705861  0.72094168  0.38935668
  0.13499259 -0.29200982 -0.10257136  0.75393865 -0.21783489 -0.15082516
 -0.23433943 -0.84113528 -0.92230957  0.51950368 -0.24493273 -0.78732602
 -0.93214977  0.41618883  0.79974153 -0.92823174 -0.86180373 -0.16181134
  0.35305924  0.64150191  0.34883059 -0.61259042  0.84718238 -0.85401668
 -0.79544999  0.90074957  0.71859534  0.45390171 -0.95462264  0.33465901
  0.79694596  0.56922552  0.68300694 -0.39640789  0.89001184 -0.26301083
 -0.40157674  0.40389253  0.23138345 -0.83302218 -0.44350333 -0.10979091
 -0.91653138  0.72124514 -0.91892181  0.43744924 -0.05223385  0.77556857
  0.99837275 -0.18614477  0.35492729 -0.40152729 -0.86190995  0.87042853
  0.50289525 -0.58215841  0.84610936 -0.19439139  0.88274387 -0.08648872
 -0.1473204   0.66824523  0.74929734  0.61462279 -0.92689408 -0.98038795
 -0.9328599   0.8999967  -0.98856836  0.83228553  0.91841317 -0.93604482
  0.78949716  0.66966755 -0.00965466  0.94811042 -0.14858809  0.52125933
  0.20225354  0.09358804  0.4474338  -0.93175618 -0.97971112  0.82706971
 -0.91425273 -0.36557112 -0.90829418 -0.65959766 -0.98022991  0.91677812
 -0.41119057 -0.92694551  0.54002874]

