GEN: 15
MAX SCORE: 82.0
[ 3.53415715e-01  2.11758183e-01  3.36668072e-01 -9.92126627e-01
 -4.57018816e-01 -5.93520983e-01  3.79302111e-01  2.92669117e-01
 -8.41499260e-01 -1.56829294e-01 -5.62999118e-01 -9.99490302e-01
  6.53836541e-01  4.07697491e-01  4.92085045e-01  2.89837986e-01
 -9.99767758e-01 -1.16343058e-01 -7.89977049e-01  2.89208488e-01
  3.70504872e-02  9.81177112e-01 -7.13593042e-01  6.64468284e-01
  1.04208552e-01 -4.10838838e-01  7.97361177e-01  8.48302363e-01
  1.35419707e-01 -2.19623714e-01 -2.61359335e-01 -8.97557152e-01
 -7.84721957e-01  8.09663287e-01  1.77775180e-01 -9.97590464e-01
  5.97162224e-01  2.86531551e-01 -2.17821157e-01  2.52166187e-01
 -9.11544800e-01  1.96048437e-01 -3.78377715e-01  1.05966568e-01
  2.75531637e-01 -3.16420637e-01 -2.61841496e-01 -3.23142123e-01
  6.72523058e-01  8.80202341e-03  8.27486207e-01 -3.09515326e-01
  9.29163702e-01  6.60521036e-01 -6.74077634e-01  9.02239911e-01
 -5.32447970e-01  8.50358163e-01  1.98008226e-01  4.54829830e-01
  9.97095262e-01  7.83584009e-02 -1.81214990e-01 -9.93752391e-02
  7.97792861e-01 -3.50243431e-02  6.04633314e-01  4.19060930e-01
 -1.86545993e-01 -1.67084546e-01  6.07435485e-01  8.08997411e-01
 -2.24924111e-01  7.66629969e-01 -5.74453412e-01  7.56535122e-01
  7.49453840e-01  2.64630797e-01 -5.06812042e-02  5.70795646e-01
 -1.35189894e-01  2.20060193e-01 -4.72268386e-01  7.75614093e-01
  1.10844961e-01 -4.77462325e-01  7.15570369e-01  8.00184330e-01
  9.65953017e-01  7.48240722e-01 -6.66812146e-01 -4.62507536e-01
  9.05654530e-01  9.76680671e-01  2.45104200e-02  2.20263609e-01
 -8.82542629e-01  9.95952245e-01  9.96189902e-01  5.28141565e-01
  5.17989337e-01  1.16784011e-01 -1.88399301e-01 -3.71518142e-01
 -4.52025929e-01 -7.89670827e-01 -3.37503311e-01  9.14700207e-01
  7.55453577e-01 -5.59829207e-01  4.05889714e-01 -9.04838028e-01
 -9.94263322e-01  4.00067505e-01  5.08007958e-01  9.26788934e-01
  6.13026618e-01  2.49459558e-01 -7.50949916e-01 -2.88299601e-01
 -4.90974948e-01  7.14300933e-01 -7.03920153e-01  9.64424475e-01
 -8.18239537e-01  1.61271314e-01  3.07708628e-01 -9.95824555e-01
  5.63297378e-01  2.01972714e-02 -6.25968156e-01 -3.63308433e-01
  8.09705326e-01 -7.24863539e-01  1.92789085e-01 -3.51400127e-01
 -5.28111638e-01  1.89673701e-01  1.39330231e-01 -9.48816773e-01
  4.61304438e-01 -5.56465401e-01 -1.61544953e-01  3.36811826e-01
  4.27504050e-01  1.49221093e-01  7.58355353e-01 -3.15649418e-01
 -6.65630213e-02  5.99342295e-01 -5.10809157e-01  4.85464648e-04
 -9.99145283e-01 -9.99983214e-01  1.06114418e-01  2.68057547e-02
 -6.70793056e-01 -9.36760573e-01  6.95139584e-01 -2.81258330e-01
 -1.43614476e-01  7.29881603e-01 -7.66891061e-01 -6.81078804e-01
 -9.87018034e-01  4.27107997e-01  9.52405212e-01 -4.39109589e-01
 -1.19275024e-01  4.80847148e-01  8.76902967e-01  7.26598471e-01
 -8.64396028e-01 -5.85547296e-02  8.99149701e-01]

GEN: 30
MAX SCORE: 83.0
[ 3.53415715e-01  2.11758183e-01  3.36668072e-01 -9.92126627e-01
 -4.57018816e-01 -5.93520983e-01  3.79302111e-01  2.92669117e-01
 -8.41499260e-01 -1.56829294e-01 -5.62999118e-01 -9.99490302e-01
  6.53836541e-01  4.07697491e-01  4.92085045e-01  2.89837986e-01
 -9.99768340e-01 -1.16343058e-01 -7.89977049e-01  2.89208488e-01
  3.70504872e-02  9.81177112e-01 -7.13593042e-01  6.64468284e-01
  1.04208552e-01 -4.10838838e-01  7.97361177e-01  8.48302363e-01
  1.35419707e-01 -2.19623714e-01 -2.61359335e-01 -8.97557152e-01
 -7.84721957e-01  8.09663287e-01  1.77775180e-01 -9.97590464e-01
  5.97162224e-01  2.86531551e-01 -2.20095177e-01  2.52166187e-01
 -9.11544800e-01  1.96048437e-01 -3.78377715e-01  1.05966568e-01
  2.75531637e-01 -3.16420637e-01 -2.61841496e-01 -3.23142123e-01
  6.72523058e-01  8.80202341e-03  8.27486207e-01 -3.09515326e-01
  9.29163702e-01  6.60521036e-01 -6.74077634e-01  1.11099012e-02
 -5.32447970e-01  8.50358163e-01  1.98008226e-01  4.54829830e-01
  9.97095262e-01  7.83584009e-02 -1.81214990e-01 -9.93752391e-02
  7.97792861e-01 -3.50243431e-02  6.04633314e-01  4.19060930e-01
 -1.86545993e-01 -1.67084546e-01  6.07435485e-01  8.08997411e-01
 -2.24924111e-01  7.66629969e-01 -5.74453412e-01  7.56535122e-01
  7.49453840e-01  2.64630797e-01 -5.06812042e-02  5.70795646e-01
 -1.35189894e-01  2.20060193e-01 -4.72268386e-01  7.75614093e-01
  1.10844961e-01 -4.77462325e-01  7.15570369e-01  8.00184330e-01
  9.65953017e-01  7.48240722e-01 -6.66443329e-01 -4.62507536e-01
  9.05654530e-01  9.76680671e-01  2.45104200e-02  2.20263609e-01
 -8.82542629e-01  9.95952245e-01  9.96189902e-01  5.28141565e-01
  5.17989337e-01  1.16784011e-01 -1.88399301e-01 -3.71518142e-01
 -4.52025929e-01 -7.89670827e-01 -3.37503311e-01  9.14700207e-01
  7.55453577e-01 -5.59829207e-01  4.05889714e-01 -9.98806664e-01
 -9.94263322e-01  4.00067505e-01  7.22723641e-01  9.26788934e-01
  6.13026618e-01  2.49459558e-01 -7.50949916e-01 -2.88299601e-01
 -4.90974948e-01  7.14300933e-01 -7.03920153e-01  9.64424475e-01
 -8.18239537e-01  1.61271314e-01  3.07708628e-01 -9.95824555e-01
  5.63297378e-01  2.01972714e-02 -6.25968156e-01 -3.63308433e-01
  8.09705326e-01 -7.24863539e-01  1.92789085e-01 -3.51400127e-01
 -5.28111638e-01  1.89673701e-01  1.39330231e-01 -9.48816773e-01
  4.61304438e-01 -5.56465401e-01 -1.61544953e-01  3.36811826e-01
  4.27504050e-01  1.49221093e-01  7.58355353e-01 -4.22340340e-01
 -6.65630213e-02  5.99342295e-01 -5.10809157e-01  4.85464648e-04
 -9.99145283e-01 -9.99983214e-01  1.06114418e-01  2.68057547e-02
 -6.70793056e-01 -9.36760573e-01  6.95139584e-01 -2.81258330e-01
 -1.43614476e-01  7.37197198e-01 -7.66891061e-01 -6.81078804e-01
 -9.87018034e-01  4.27107997e-01  9.52405212e-01 -4.39109589e-01
 -1.19275024e-01  4.80847148e-01  8.76902967e-01  7.26598471e-01
 -8.64396028e-01 -5.85547296e-02  8.99149701e-01]

GEN: 45
MAX SCORE: 68.0
[ 3.53415715e-01  2.11758183e-01  3.36668072e-01 -9.92126627e-01
 -4.57018816e-01 -5.74190200e-01  3.79302111e-01  2.92669117e-01
 -8.41499260e-01 -2.72327307e-01 -5.62999118e-01 -9.99490302e-01
  6.53836541e-01  4.07697491e-01  4.92085045e-01  2.89837986e-01
 -9.99768340e-01 -1.16343058e-01 -7.89977049e-01  2.89208488e-01
  3.70504872e-02  9.81177112e-01 -7.13593042e-01  6.64468284e-01
  1.04208552e-01 -4.10838838e-01  7.97361177e-01  8.48302363e-01
  1.35419707e-01 -2.19623714e-01 -2.61359335e-01 -8.97557152e-01
 -7.84721957e-01  8.09663287e-01  2.45677651e-01 -9.97590464e-01
  5.97162224e-01  2.86531551e-01 -2.20095177e-01  2.52166187e-01
 -9.11544800e-01  1.96048437e-01 -3.78377715e-01  1.05966568e-01
  2.75531637e-01 -3.16420637e-01 -2.61841496e-01 -3.23142123e-01
  6.72523058e-01  3.50463045e-01  8.27486207e-01 -3.09515326e-01
  9.29163702e-01  5.19221877e-01 -6.74077634e-01  8.73555561e-01
 -5.32447970e-01  8.50358163e-01  1.98008226e-01  4.54829830e-01
  9.99909326e-01  7.83584009e-02 -1.81214990e-01 -2.12490518e-01
  7.97792861e-01  7.32731795e-01  6.04633314e-01  4.19060930e-01
 -1.86545993e-01 -1.67084546e-01  6.07435485e-01  8.08997411e-01
 -2.24924111e-01  7.66629969e-01 -5.74453412e-01  7.56535122e-01
  7.49453840e-01  2.64630797e-01 -5.06812042e-02  5.70795646e-01
 -1.35189894e-01  2.20060193e-01 -4.72268386e-01  7.33850775e-01
  1.10844961e-01 -4.77462325e-01  7.15570369e-01  8.00184330e-01
  9.65953017e-01  7.48240722e-01 -6.66416368e-01 -4.62507536e-01
  9.05654530e-01  9.76680671e-01  2.45104200e-02  2.20263609e-01
 -8.82542629e-01  9.95952245e-01  9.96189902e-01  5.28141565e-01
  5.17989337e-01  1.16784011e-01 -8.91478530e-02 -3.71518142e-01
 -4.52025929e-01 -7.89670827e-01 -3.37503311e-01  9.14700207e-01
  7.55453577e-01 -5.59829207e-01  4.05889714e-01 -9.92313577e-01
 -9.94263322e-01  4.00067505e-01  8.45829468e-01  9.26788934e-01
  6.13026618e-01  2.49459558e-01 -7.50949916e-01 -2.88299601e-01
 -4.90908242e-01  7.14300933e-01 -7.03920153e-01  9.64424475e-01
 -8.18239537e-01  1.61271314e-01  3.07708628e-01 -9.95824555e-01
  5.63297378e-01 -5.09791385e-02 -6.25968156e-01 -3.63308433e-01
  8.09705326e-01 -7.24863539e-01  1.92789085e-01 -3.51400127e-01
 -5.28111638e-01  1.89673701e-01  1.39330231e-01 -9.48816773e-01
  4.61304438e-01 -5.56465401e-01 -1.61544953e-01 -1.68476295e-01
  4.27504050e-01  1.49221093e-01  7.58355353e-01 -3.53165560e-01
 -6.65630213e-02  5.99342295e-01 -5.10809157e-01  4.85464648e-04
 -9.99145283e-01 -9.99983214e-01  1.06114418e-01  2.68057547e-02
 -6.70793056e-01 -9.36760573e-01  6.95139584e-01 -2.81258330e-01
 -1.43614476e-01  7.35804576e-01 -7.66891061e-01 -6.81078804e-01
 -9.87018034e-01  4.27107997e-01  9.52405212e-01 -4.39109589e-01
 -1.19275024e-01  4.80847148e-01  8.76902967e-01  7.26598471e-01
 -8.62877515e-01 -5.85547296e-02  8.99149701e-01]

GEN: 60
MAX SCORE: 73.0
[ 3.53415715e-01  2.11758183e-01  3.36668072e-01 -9.92126627e-01
 -4.57018816e-01 -5.74190200e-01  3.79302111e-01  2.92669117e-01
 -8.41499260e-01 -8.46772911e-01 -5.62999118e-01 -9.99490302e-01
  6.53836541e-01  4.07697491e-01  4.92085045e-01  2.72121015e-01
 -9.99768340e-01 -1.16343058e-01 -7.89977049e-01  2.89208488e-01
  3.70504872e-02  9.40904794e-01 -7.13593042e-01  6.64468284e-01
  1.04208552e-01 -4.10838838e-01  7.97361177e-01  8.48302363e-01
  1.35419707e-01 -2.19623714e-01 -2.61359335e-01 -8.97557152e-01
 -7.84721957e-01  8.09663287e-01  2.50774383e-01 -9.97590464e-01
  5.97162224e-01 -1.17079117e-02 -2.20095177e-01  2.52166187e-01
 -9.11544800e-01  1.96048437e-01 -3.78377715e-01  1.05966568e-01
  2.75531637e-01 -3.16420637e-01 -2.61841496e-01 -3.23142123e-01
  6.72523058e-01  3.50463045e-01  8.27486207e-01 -3.09515326e-01
  9.29163702e-01  6.27641775e-01 -6.74077634e-01  8.73555561e-01
 -5.32447970e-01  8.50358163e-01  1.98008226e-01  4.54829830e-01
  9.99983801e-01  7.83584009e-02 -1.81214990e-01 -2.12490518e-01
  7.97792861e-01  5.90568760e-01  6.04633314e-01  4.19060930e-01
 -1.86545993e-01 -1.67084546e-01  6.07435485e-01  8.08997411e-01
 -2.24924111e-01  7.66629969e-01 -5.74453412e-01  7.56535122e-01
  7.49453840e-01  2.64630797e-01 -5.06812042e-02  5.70795646e-01
 -1.35189894e-01  2.20060193e-01 -4.72268386e-01  7.33850775e-01
  1.10844961e-01 -4.77462325e-01  7.15570369e-01  8.00184330e-01
  9.65953017e-01  7.48240722e-01 -6.66426292e-01 -4.62507536e-01
  9.05654530e-01  9.76680671e-01  2.45104200e-02  2.20263609e-01
 -8.82542629e-01  9.95952245e-01  9.96189902e-01  5.28141565e-01
  5.17989337e-01  1.16840202e-01 -8.91478530e-02 -3.71518142e-01
 -4.52025929e-01 -7.89670827e-01 -3.37503311e-01  9.14700207e-01
  7.55453577e-01 -5.59829207e-01  4.05889714e-01 -9.98244971e-01
 -9.94263322e-01  4.00067505e-01  8.45668775e-01  9.26788934e-01
  6.95278454e-01  2.49459558e-01 -7.50949916e-01 -2.88299601e-01
 -4.90910270e-01  7.14300933e-01 -7.03920153e-01  9.64424475e-01
 -8.18239537e-01  1.61271314e-01  3.07708628e-01 -9.95824555e-01
  5.63297378e-01 -5.09791385e-02 -6.25968156e-01 -3.63308433e-01
  8.09705326e-01 -7.24863539e-01  1.92789085e-01 -3.51400127e-01
 -5.28111638e-01  1.89673701e-01  1.39330231e-01 -9.48816773e-01
  4.61304438e-01 -5.56465401e-01 -1.61544953e-01 -1.70424470e-01
  4.27504050e-01  1.49221093e-01  7.58355353e-01 -3.53190106e-01
 -6.65630213e-02  5.99342295e-01 -5.10809157e-01  4.85464648e-04
 -9.99145283e-01 -9.99983214e-01  1.06114418e-01  2.68057547e-02
 -6.70793056e-01 -9.36760573e-01  6.95139584e-01 -2.81258330e-01
 -1.43614476e-01  1.56197236e-01 -7.66891061e-01 -6.81078804e-01
 -9.87018034e-01  4.27107997e-01  9.52405212e-01 -4.39109589e-01
 -1.19275024e-01  4.80847148e-01  8.76902967e-01  7.26598471e-01
 -8.62930459e-01 -5.85547296e-02  8.99149701e-01]

GEN: 75
MAX SCORE: 72.0
[ 3.53415715e-01  2.11758183e-01  3.36668072e-01 -9.92126627e-01
 -4.57018816e-01 -5.74190200e-01  3.79302111e-01  2.92669117e-01
 -8.41499260e-01 -1.45953233e-02 -5.62999118e-01 -9.99490302e-01
  6.53836541e-01  4.07697491e-01  4.92085045e-01  2.72116062e-01
 -9.99768340e-01 -1.16343058e-01 -7.89977049e-01  2.89208488e-01
  3.70504872e-02  9.40904794e-01 -7.13593042e-01  6.64468284e-01
  1.04208552e-01 -4.10838838e-01  7.97361177e-01  7.49453444e-01
  1.35419707e-01 -3.61636347e-01 -2.61359335e-01 -8.97557152e-01
 -7.84721957e-01  8.09663287e-01  2.50774383e-01 -9.97730971e-01
  5.97162224e-01  3.26133209e-01 -2.20095177e-01  2.52166187e-01
 -9.11544800e-01  1.96048437e-01 -3.78377715e-01  1.05966568e-01
  2.75531637e-01 -3.16420637e-01 -2.61841496e-01 -3.23142123e-01
  6.72523058e-01  3.30545668e-01  8.27486207e-01 -3.09515326e-01
  9.29163702e-01  6.27641775e-01 -6.74077634e-01  8.73555561e-01
 -5.32447970e-01  8.50358163e-01  1.98008226e-01  4.54829830e-01
  9.99983524e-01  7.83584009e-02 -1.81214990e-01 -2.12490518e-01
  7.97792861e-01  7.42283032e-01  6.04633314e-01  4.19060930e-01
 -1.86545993e-01 -1.67084546e-01  6.07435485e-01  8.08997411e-01
 -2.24924111e-01  7.66629969e-01 -5.74453412e-01  7.56535122e-01
  7.49453840e-01  2.64630797e-01 -5.06812042e-02  5.70795646e-01
 -1.62171846e-01  2.20060193e-01 -4.72268386e-01  7.33850775e-01
  1.10844961e-01 -4.77462325e-01  7.15570369e-01  8.00184330e-01
  9.74640216e-01  7.48240722e-01 -6.66422677e-01 -4.62507536e-01
  9.05654530e-01  9.76680671e-01  2.45104200e-02  2.20263609e-01
 -8.82542629e-01  9.95952245e-01  9.96189902e-01  5.28141565e-01
  5.17989337e-01  1.17223675e-01 -8.91478530e-02 -3.71518142e-01
 -4.52025929e-01 -7.89670827e-01 -3.37503311e-01  9.14700207e-01
  7.55453577e-01 -5.59829207e-01  4.05889714e-01 -9.98244971e-01
 -9.94263322e-01  4.00067505e-01  8.46110440e-01  9.26788934e-01
  6.71909571e-01  2.49459558e-01 -7.50949916e-01 -2.88299601e-01
 -4.90910270e-01  7.14300933e-01 -7.03920153e-01  9.64424475e-01
 -8.18239537e-01  1.61271314e-01  3.07708628e-01 -9.95824555e-01
  5.63297378e-01 -5.09791385e-02 -6.25968156e-01 -3.63308433e-01
  8.09705326e-01 -7.24863539e-01  1.92789085e-01 -3.51400127e-01
 -5.28111638e-01  1.89673701e-01  1.57670916e-01 -9.48816773e-01
  4.61304438e-01 -5.56465401e-01 -1.61544953e-01 -1.70245904e-01
  4.27504050e-01  1.49221093e-01  7.58355353e-01 -3.53190036e-01
 -6.65630213e-02  5.99342295e-01 -5.10809157e-01  4.85464648e-04
 -9.99145283e-01 -9.99983214e-01  1.06114418e-01  2.68057547e-02
 -6.70793056e-01 -9.36760573e-01  6.95139584e-01 -2.81258330e-01
 -1.43614476e-01  7.35810001e-01 -7.66891061e-01 -6.81078804e-01
 -9.87018034e-01  4.27107997e-01  9.72286595e-01 -4.39109589e-01
 -1.19275024e-01  4.80847148e-01  8.76902967e-01  7.26598471e-01
 -8.62911766e-01 -5.85547296e-02  8.99149701e-01]

GEN: 90
MAX SCORE: 43.0
[ 3.52057418e-01  2.11758183e-01  3.32361507e-01 -9.92126627e-01
 -4.42371259e-01 -5.74190200e-01  3.79302111e-01  2.92669117e-01
 -8.41499260e-01 -1.63724124e-02 -5.62999118e-01 -9.99490302e-01
  7.49613113e-01  4.07692442e-01  4.92085045e-01  2.72115459e-01
 -9.99768340e-01 -1.16343058e-01 -7.89977049e-01  2.89208488e-01
  3.49838113e-02  9.40904794e-01 -7.13593042e-01  6.64468284e-01
  5.26756208e-01 -5.31191327e-01  7.97361177e-01  8.47614465e-01
  1.35419707e-01 -2.43912722e-01 -2.61359335e-01 -8.97557152e-01
 -7.45810196e-01  8.09663287e-01  2.50774383e-01 -9.97730971e-01
  5.92874956e-01  2.41325022e-01 -2.20095177e-01  2.52166187e-01
 -9.11559330e-01  1.96048437e-01 -3.78377715e-01  1.05966568e-01
  2.75531637e-01 -3.16420637e-01 -1.87278320e-01 -3.23142123e-01
  6.65769978e-01  4.05358617e-01  8.27486207e-01 -3.09515326e-01
  9.29163702e-01  6.27641775e-01 -6.74273259e-01  9.24373293e-01
 -5.32447970e-01  8.50358163e-01  1.98008226e-01  4.54829830e-01
  9.99983519e-01  7.83584009e-02 -1.81214990e-01 -1.99090529e-01
  7.97792861e-01  8.18380417e-01  6.14792980e-01  4.11670519e-01
 -1.86545993e-01 -1.67084546e-01  6.07435485e-01  8.08997411e-01
 -2.24924111e-01  7.66629969e-01 -5.74453412e-01  7.53652044e-01
  7.49453840e-01  3.92668327e-01 -5.06812042e-02  5.70795646e-01
 -1.69872903e-01  2.20060193e-01 -4.72268386e-01  7.33850775e-01
  1.10844961e-01 -4.77462325e-01  7.77756802e-01  8.00184330e-01
  9.83045491e-01  7.48240722e-01 -7.08479408e-01 -4.62507536e-01
  9.05704738e-01  9.76680671e-01  2.45104200e-02  2.20263609e-01
 -8.87823051e-01  9.94424391e-01  9.96193026e-01  5.28141565e-01
  3.07338624e-01  1.17223675e-01 -8.91478530e-02 -3.71518142e-01
 -4.44813887e-01 -7.89670827e-01 -3.37503311e-01  9.16386357e-01
  7.55453577e-01 -5.59829207e-01  2.55290486e-01 -9.98244971e-01
 -9.94263322e-01  4.00067505e-01  8.45991687e-01  9.26788934e-01
  6.58363636e-01  2.49459558e-01 -7.50949916e-01 -2.88299601e-01
 -4.53802671e-01  7.14300933e-01 -7.03920153e-01  9.64424475e-01
 -8.18239537e-01  1.61271314e-01 -2.63147435e-01 -9.97571859e-01
  5.63297378e-01 -5.09791385e-02 -6.25968156e-01 -4.13735658e-01
  8.09705326e-01 -7.24863539e-01  1.92789085e-01 -3.51400127e-01
 -5.28111638e-01  1.89319425e-01  1.70946914e-01 -9.48816773e-01
  4.61304438e-01 -5.56465401e-01 -1.61544953e-01 -1.70250184e-01
  4.27504050e-01  1.49221093e-01  7.58355353e-01 -3.53190031e-01
 -6.65630213e-02  5.99315948e-01 -5.10809157e-01  4.85464648e-04
 -9.99145283e-01 -9.99983214e-01  1.06114418e-01  2.68057547e-02
 -6.70793056e-01 -9.36760573e-01  6.95139584e-01 -4.48938630e-01
 -1.43614476e-01  7.42544284e-01 -7.66891061e-01 -6.81078804e-01
 -9.87018034e-01  5.07244993e-01  9.85530120e-01 -4.39109589e-01
 -1.19275024e-01  4.80847148e-01  8.76902967e-01  7.26598471e-01
  2.81561521e-01 -5.85547296e-02  8.99149701e-01]

GEN: 105
MAX SCORE: 103.0
[ 3.32410047e-01  2.02178125e-01  3.17741386e-01 -9.92126627e-01
 -4.55221884e-01 -5.74190200e-01  3.79302111e-01  2.92669117e-01
 -8.40165857e-01 -1.38771522e-02 -5.62999118e-01 -9.99490302e-01
  7.48842073e-01  3.86751285e-01  3.74307563e-01  2.72115500e-01
 -9.99768340e-01 -1.16343058e-01 -7.89977049e-01  4.35480164e-01
  3.99386064e-01  9.11224087e-01 -7.13593042e-01  6.64468284e-01
  1.38630259e-01 -3.74087985e-01  7.97361177e-01  8.48430344e-01
  1.35419707e-01 -3.79172429e-01 -2.66982343e-01 -8.97557152e-01
 -6.83550775e-01  8.04813976e-01  2.50774383e-01 -9.97730971e-01
  5.92345250e-01  2.43893396e-01 -2.20095177e-01  2.52166187e-01
 -9.11447774e-01  1.96048437e-01 -3.78377715e-01  1.05966568e-01
  1.80390140e-01 -3.16420637e-01 -2.05036775e-01 -3.23142123e-01
  4.39918255e-01  8.11885564e-01  8.27486207e-01 -3.09515326e-01
  9.29163702e-01  6.27641775e-01 -6.73349119e-01  8.58796661e-01
 -5.11730509e-01  8.50358163e-01  1.98008226e-01  4.54829830e-01
  9.99983525e-01  7.83584009e-02 -1.43481994e-01  2.91907297e-01
  7.97792861e-01  6.82984350e-01  6.13704915e-01  4.31002680e-01
 -1.86545993e-01 -1.67084546e-01  6.07435485e-01  8.07345112e-01
 -2.24924111e-01  7.66629969e-01 -6.11668661e-01  8.33127699e-01
  7.49453840e-01  1.88036596e-01 -3.50204993e-01  5.70795646e-01
 -1.80673086e-01  2.20060193e-01 -4.72268386e-01  7.33850775e-01
  1.20339639e-01 -4.77462325e-01  7.02287070e-01  8.00184330e-01
  9.84899907e-01  7.48240722e-01 -6.67811421e-01 -4.62507536e-01
  9.08770213e-01  9.76680671e-01  2.45104200e-02  2.20263609e-01
 -8.87524453e-01  9.93641887e-01  9.96193203e-01  5.28020031e-01
  2.93010880e-01  1.17223675e-01 -8.91478530e-02 -3.71518142e-01
 -5.05712970e-01 -7.89670827e-01 -3.37503311e-01  6.78958261e-01
  9.30470414e-01 -5.59829207e-01  8.61707287e-01 -9.98244971e-01
 -9.94263322e-01  4.00067505e-01  8.51346675e-01  9.26788934e-01
  6.55924049e-01  2.49459558e-01 -6.02229613e-01  7.10970610e-01
 -4.52006889e-01  7.14300933e-01 -7.03920153e-01  9.64424475e-01
 -8.18239537e-01  1.61271314e-01  2.67986599e-01 -9.97571530e-01
  5.63297378e-01 -5.09791385e-02 -6.25968156e-01 -4.05400754e-01
  8.09970207e-01 -7.24863539e-01  1.92789085e-01 -3.51400127e-01
 -5.30854040e-01  3.00349643e-01  1.70946925e-01 -9.48816773e-01
  7.33028646e-02 -5.56465401e-01 -6.58185645e-01 -1.70230606e-01
  3.66028374e-01  1.49221093e-01  7.70652185e-01 -4.25621082e-01
 -6.65630213e-02  5.99315948e-01 -5.10809157e-01  4.85464648e-04
 -9.99145283e-01 -9.99983214e-01  1.06114418e-01  2.68057547e-02
 -6.59585130e-01 -9.36760573e-01  6.95139584e-01 -4.51146934e-01
 -1.43811699e-01  9.92755324e-01 -7.66891061e-01 -6.81078804e-01
 -9.87018034e-01  4.81118599e-01  9.84504775e-01 -4.36507052e-01
 -1.19275024e-01  4.80847148e-01  8.76902967e-01  7.26598471e-01
 -8.80163864e-01 -5.85547296e-02  8.99149701e-01]

GEN: 120
MAX SCORE: 104.0
[ 3.32410047e-01  2.15678538e-01  3.17744685e-01 -9.92126627e-01
 -4.54940246e-01 -5.74190200e-01  3.66151024e-01  2.92669117e-01
 -8.40205966e-01 -1.35836645e-02 -5.62999118e-01 -9.99490302e-01
  8.17399420e-01  4.08235151e-01  3.74307563e-01  2.72115478e-01
 -9.99768340e-01 -1.16343058e-01 -7.89977049e-01  4.77730435e-01
  3.92934030e-01  9.40904794e-01 -7.13593042e-01  6.64468284e-01
  1.39301292e-01 -3.39516752e-01  7.97361177e-01  8.48152004e-01
  1.35419707e-01 -3.78823718e-01 -3.76248051e-01 -8.97557152e-01
 -6.83550775e-01  8.04833390e-01  2.50774383e-01 -9.97730971e-01
  5.92332544e-01  2.48021391e-01 -2.20095177e-01  2.52166187e-01
 -9.11422522e-01  1.96048437e-01 -3.78377715e-01  1.05966568e-01
  2.70685183e-01 -3.16420637e-01 -4.98360369e-01 -3.23142123e-01
  4.50955263e-01  6.37015352e-01  8.27486207e-01 -3.09515326e-01
  9.29163702e-01  6.27641775e-01 -6.73241548e-01  8.57243987e-01
 -5.04742192e-01  8.50358163e-01  1.98008226e-01  4.54829830e-01
  9.99983524e-01  7.83584009e-02 -1.42097432e-01  3.76750029e-01
  7.97792861e-01  6.77925973e-01  6.13704915e-01  4.31511132e-01
 -1.86545993e-01 -1.67084546e-01  6.07435485e-01  8.07895983e-01
 -2.24924111e-01  7.66629969e-01 -5.74453412e-01  8.04974636e-01
  7.49453840e-01  1.88036596e-01 -2.86620074e-01  5.70795646e-01
 -1.84792793e-01  2.20060193e-01 -4.72268386e-01  7.33850775e-01
  1.20345192e-01 -4.77462325e-01  7.02130246e-01  8.00184330e-01
  9.84894025e-01  7.48240722e-01 -6.67769389e-01 -4.62507536e-01
  9.09048572e-01  9.76680671e-01  2.45104200e-02  2.20263609e-01
 -8.87506535e-01  9.93625486e-01  9.96204801e-01  5.38641876e-01
  3.12030439e-01  1.17223675e-01 -8.91478530e-02 -3.71518142e-01
 -5.07034588e-01 -7.89670827e-01 -3.37503311e-01  6.99011573e-01
  8.78702437e-01 -5.59829207e-01  8.65921982e-01 -9.98244971e-01
 -9.94263322e-01  4.00067505e-01  8.48633411e-01  9.26788934e-01
  6.55190656e-01  2.49459558e-01 -3.73465505e-01  4.17336278e-01
 -4.53349526e-01  7.14300933e-01 -7.03920153e-01  9.64951842e-01
 -8.18239537e-01  1.61271314e-01  1.02200048e-01 -9.97591130e-01
  5.63297378e-01 -5.09791385e-02 -6.25968156e-01 -4.06233881e-01
  8.86277496e-01 -7.24863539e-01  1.92789085e-01 -3.51400127e-01
 -5.29044366e-01  1.30876228e-01  1.70946928e-01 -9.48816773e-01
  7.32760822e-02 -5.56465401e-01 -5.21435460e-01 -1.70230606e-01
  3.65994959e-01  5.86989506e-01  7.48388991e-01 -3.65368403e-01
 -6.65630213e-02  5.99315948e-01 -5.10809157e-01  4.85464648e-04
 -9.99145283e-01 -9.99983214e-01  1.06114418e-01  2.68057547e-02
 -6.71430815e-01 -9.36760573e-01  6.95139584e-01 -4.51923771e-01
 -1.44250825e-01  9.73629718e-01 -7.66891061e-01 -6.81078804e-01
 -9.87018034e-01  5.78541587e-01  9.84151838e-01 -6.46892618e-01
 -1.19275024e-01  4.80847148e-01  8.76902967e-01  7.26598471e-01
 -8.80163864e-01 -5.85547296e-02  8.99149701e-01]

GEN: 135
MAX SCORE: 103.0
[ 3.32410047e-01  2.15678538e-01  3.17744685e-01 -9.92126627e-01
 -4.54941608e-01 -5.74190200e-01  3.67395123e-01  2.92669117e-01
 -8.40199744e-01 -1.36348783e-02 -5.62999118e-01 -9.99490302e-01
  8.09273454e-01  4.08284266e-01  3.74307563e-01  2.72115478e-01
 -9.99768340e-01 -1.16343058e-01 -7.89977049e-01  4.77730435e-01
  3.92934030e-01  9.40904794e-01 -7.13593042e-01  6.64468284e-01
  1.39301395e-01 -3.41158809e-01  7.97361177e-01  8.48152004e-01
  1.35419707e-01 -3.78796561e-01 -4.18741059e-01 -8.97557152e-01
 -6.83550775e-01  8.05129275e-01  2.50774383e-01 -9.22643569e-01
  5.92332544e-01  2.48001145e-01 -2.20095177e-01  2.52166187e-01
 -9.11422522e-01  1.96048437e-01 -3.78377715e-01  1.05966568e-01
  2.70685183e-01 -3.16420637e-01 -4.98360369e-01 -3.23142123e-01
  4.38862244e-01  6.37381901e-01  8.27486207e-01 -3.09515326e-01
  9.29163702e-01  6.27641775e-01 -6.73241548e-01  8.57243987e-01
 -5.04742192e-01  8.50358163e-01  1.98008226e-01  4.54829830e-01
  9.99983524e-01  7.83584009e-02 -1.42097432e-01  4.01827709e-01
  7.97792861e-01  6.77794048e-01  6.13704915e-01  4.31511132e-01
 -1.86545993e-01 -1.67084546e-01  6.07435485e-01  8.07682241e-01
 -2.24924111e-01  7.66629969e-01 -5.74453412e-01  8.04974636e-01
  7.49453840e-01  1.88036596e-01 -2.80966240e-01  5.70795646e-01
 -1.99403172e-01  2.20060193e-01 -4.72268386e-01  7.33850775e-01
  1.20345192e-01 -4.77462325e-01  7.02130321e-01  8.00184330e-01
  9.84894025e-01  7.48240722e-01 -6.67769911e-01 -4.62507536e-01
  9.09048572e-01  9.76680671e-01  2.45104200e-02  2.20263609e-01
 -8.87506535e-01  9.93636272e-01  9.96008916e-01  5.52925558e-01
  3.42244452e-01  1.17223675e-01 -8.91478530e-02 -3.71518142e-01
 -5.07034588e-01 -7.89670827e-01 -3.37503311e-01  6.99017482e-01
  8.78702437e-01 -5.59829207e-01  8.62908914e-01 -9.98244971e-01
 -7.89880707e-01  4.00067505e-01  8.48633411e-01  9.26788934e-01
  6.55190656e-01  2.49459558e-01 -3.74087407e-01  4.17336278e-01
 -4.53349526e-01  7.14300933e-01 -7.03920153e-01  9.54286472e-01
 -8.18239537e-01  1.61271314e-01  1.02200048e-01 -9.97588912e-01
  5.63297378e-01 -5.09791385e-02 -6.25968156e-01 -4.04261857e-01
  9.19397644e-01 -7.24863539e-01  1.92789085e-01 -3.51400127e-01
 -5.37285848e-01  1.30876228e-01  1.70946928e-01 -9.48816773e-01
  7.32476212e-02 -5.56465401e-01 -5.25566040e-01 -1.70230606e-01
  3.65994959e-01  6.18176714e-01  7.47532246e-01 -3.65368403e-01
 -6.65630213e-02  5.99315948e-01 -5.58950410e-01  4.85464648e-04
 -9.99145283e-01 -9.99983214e-01  1.06114418e-01  2.68057547e-02
 -6.71430815e-01 -9.36760573e-01  6.95139584e-01 -4.51923771e-01
 -1.44250825e-01  9.73629718e-01 -7.66891061e-01 -6.81078804e-01
 -9.87018034e-01  5.78618200e-01  9.84151838e-01 -6.46264969e-01
 -1.19275024e-01  4.80847148e-01  8.76902967e-01  7.26598471e-01
 -8.80163864e-01 -5.85547296e-02  8.99149701e-01]

