GEN: 15
MAX SCORE: 26.0
[ 0.76293014  0.14250966 -0.72994916  0.15980208 -0.53899566  0.15787065
 -0.58796331 -0.12449941 -0.63245332 -0.81029724 -0.46602943  0.66265877
 -0.10508309  0.53636765  0.89870033 -0.7765026   0.66340235 -0.47514714
 -0.35871035 -0.37897895 -0.69906775  0.86633597 -0.94529652 -0.7606976
 -0.58186881 -0.88887757  0.67728527  0.95041662  0.90172027 -0.74960459
  0.52841255 -0.51894476 -0.00512068 -0.53938972 -0.30802087 -0.68694171
  0.63457359  0.32297933  0.57669249 -0.44743869 -0.62653111 -0.91700947
  0.60622841 -0.28320503  0.51627682  0.41960919  0.79429559  0.54590987
  0.66483906  0.47352968  0.54580288 -0.21107329  0.01414211 -0.23408628
 -0.95388342  0.19943613 -0.55915702  0.03066413  0.10410283  0.04211945
 -0.82217624 -0.41690353 -0.48661828  0.53607647  0.10733642  0.56352261
  0.24624123  0.02397675  0.83156286 -0.27316648 -0.43935017  0.21905448
 -0.11888958 -0.01299249 -0.16778299 -0.72541749  0.41756833 -0.51989063
 -0.53914961 -0.55845207 -0.8433462   0.70779873 -0.77358309 -0.92644923
 -0.62779236  0.4375057  -0.96024474 -0.45667121  0.65755726 -0.30596852
 -0.43179869  0.38518507  0.99085759  0.43581744 -0.18985441  0.53912478
  0.34375498  0.52757342  0.67149548 -0.22601719 -0.83101471  0.60651987
 -0.99283711 -0.03575705 -0.88383544  0.05907857 -0.72753774  0.98527513
 -0.04376514  0.70047106 -0.5777395 ]

GEN: 30
MAX SCORE: 25.0
[ 0.77416713  0.35517076 -0.98485639  0.17030201 -0.53887598 -0.70861422
  0.52713076 -0.36284806 -0.5049092  -0.90190398 -0.85783239  0.10152524
 -0.16583808  0.54219356  0.93039165 -0.56296689  0.6412232  -0.26480695
 -0.8250191  -0.04220235 -0.99750611  0.69088856 -0.28628085 -0.61513113
 -0.56399118 -0.84727143  0.67867919  0.95041662  0.50443127 -0.74784037
 -0.82204497 -0.52615238  0.07179175 -0.59341701 -0.30884097 -0.68847197
  0.71941154  0.00649323  0.64365265 -0.46136093 -0.28186242  0.04584231
  0.23008844 -0.26641363  0.53725816  0.36875368  0.4062415   0.94494919
  0.55650459  0.14977064  0.34365809  0.18148902 -0.41822141  0.51357015
 -0.93193283  0.23971181 -0.86000794  0.02597541  0.18747031  0.31854475
 -0.83132129 -0.69962555 -0.85622262  0.08598553  0.11431158 -0.16580906
  0.23620204  0.15881029  0.83242789 -0.69504516 -0.49715762  0.47190582
  0.13121527 -0.01343581  0.02588698 -0.97003523  0.38687407 -0.88713923
 -0.00192837 -0.8134706  -0.84335872  0.19234518 -0.84185257 -0.958061
 -0.64164992  0.72468812 -0.97569093 -0.68928436  0.47752537 -0.16888277
 -0.49587305 -0.48166317  0.82236862  0.20247642 -0.07722486  0.5092975
 -0.43150849 -0.34458611  0.99005726 -0.19082852 -0.83321301  0.68502906
 -0.99426723 -0.63183338 -0.61061934  0.43704551 -0.43222472  0.96582136
  0.84661927  0.68196531 -0.25768688]

GEN: 45
MAX SCORE: 24.0
[ 0.60527882  0.23352475 -0.54898286  0.17030227 -0.53887598 -0.71442268
  0.18315793 -0.36097432 -0.51225218 -0.91448704 -0.95735328  0.02503964
 -0.16307617  0.5452564   0.93577968 -0.52526407  0.93974981 -0.16988456
  0.21356485  0.36787527 -0.97802292  0.67154379 -0.2859086  -0.61544109
 -0.64332492 -0.92908483  0.79884401  0.95041662  0.49558667 -0.74770387
 -0.80748009 -0.53549137  0.07179175 -0.52271498 -0.45380131 -0.63478893
  0.92684576  0.0318886   0.64494582 -0.46136093 -0.33264765 -0.69931181
  0.2301069  -0.26641363  0.53654702  0.46187613  0.76302233  0.94494919
  0.61986691  0.14111224  0.25452425  0.60106038  0.35431289  0.51510023
 -0.98695346  0.24913876 -0.82621525  0.02581751  0.51450287  0.32890181
 -0.11458799 -0.07640438 -0.85622262  0.32994209  0.11222323 -0.20312651
  0.25420881  0.15717961  0.83241109 -0.67248753 -0.49715762  0.47190582
  0.13121527 -0.01343581  0.56467978 -0.930139    0.62505611 -0.79155901
 -0.00192689 -0.91802642 -0.84334952  0.27667303 -0.86515046 -0.99684733
 -0.64164899 -0.2006919  -0.94836552 -0.41703809  0.74378916 -0.16888277
 -0.49587305  0.12420938  0.59623712 -0.2200346  -0.07722486  0.93786374
 -0.43141332 -0.42063086  0.99694685 -0.18854849 -0.87335181  0.50091681
 -0.99061675 -0.76189201 -0.26152743  0.43704551 -0.341369    0.96577413
  0.84272746 -0.07956568 -0.89883742]

GEN: 60
MAX SCORE: 28.0
[ 0.61226228  0.23591603 -0.53872504  0.17030202 -0.53887598  0.37968353
  0.08003689 -0.33028698 -0.51226845 -0.91515999 -0.85978064 -0.19965561
 -0.16307617  0.54526973  0.78089625 -0.5266406   0.90628857 -0.47984326
  0.37539356  0.37621814 -0.97769034  0.671532   -0.15044112 -0.61335268
 -0.14427045 -0.93222167  0.79866182  0.9586466   0.85617992 -0.74675531
 -0.80760035 -0.50387351  0.89067394 -0.52269216  0.49241173 -0.63230867
  0.77704137  0.04903085  0.62584244 -0.46136093 -0.3263908  -0.75206666
  0.26558663 -0.26663529  0.54081116  0.4926855   0.16261704  0.94494919
  0.87681432  0.19419189  0.20297446  0.41552165  0.16159853  0.51510023
 -0.96264986  0.21815826 -0.8547271   0.12243209  0.45565019  0.29706407
 -0.86419344 -0.70188839 -0.85622262  0.33475678  0.1528269   0.67152276
  0.25420881  0.08803737  0.86060617 -0.67640665 -0.81223875  0.55980744
  0.13121527 -0.02160089  0.57416918 -0.53899393  0.92695448 -0.4501773
  0.1562582  -0.4688012  -0.89834756  0.27352699 -0.86523593 -0.9978837
 -0.64164899 -0.2006919  -0.60882695  0.65684876  0.88148863  0.74107898
 -0.49587305  0.02587297  0.59623712 -0.27470915 -0.07722486  0.922196
 -0.4320918  -0.43635681  0.99026221 -0.30064735 -0.87335436  0.61237281
 -0.98472651 -0.77457825 -0.25027263  0.21869175 -0.28495137  0.96332675
  0.47665696 -0.63810771 -0.84267812]

GEN: 75
MAX SCORE: 29.0
[ 0.61226228  0.11996796 -0.54382833  0.17030202 -0.53887598  0.59420191
  0.39192123 -0.35842716 -0.51227372 -0.91693094 -0.86065554 -0.17243526
 -0.15103569  0.54527084  0.78433482 -0.53342149  0.86643947 -0.47984326
  0.3613026   0.37649891 -0.97769034  0.671532   -0.1540011  -0.84894223
 -0.14427045 -0.96833569  0.79866182  0.9586466   0.85617992 -0.74650397
 -0.83514845 -0.51541534  0.89404906 -0.38487644 -0.5141634  -0.49783041
  0.77254535  0.05043787  0.62584244 -0.4613603  -0.95162837 -0.69587418
  0.22601531 -0.15943499  0.52082649  0.4926855   0.1628763   0.94494919
  0.87681432  0.1038134   0.25452425  0.35029767  0.45299792  0.52838364
 -0.99370151  0.21815826 -0.85093799  0.12243209  0.42743466  0.52783216
 -0.86411123 -0.7029744  -0.86596076  0.33460624  0.1528269   0.67103614
  0.25420881  0.15717618  0.86060617 -0.50459167 -0.87534929  0.5598109
  0.13121527 -0.02160089  0.55836458 -0.53860334  0.92974715 -0.4501773
  0.1056091   0.79597356 -0.22456232  0.27365045 -0.8842554  -0.97991489
 -0.64164899 -0.2006919  -0.60882695  0.65684876  0.88556656  0.72431784
 -0.49587305  0.02697204  0.85824944 -0.27470915 -0.07722486  0.84121069
 -0.18085361 -0.4465599   0.995506   -0.30064735 -0.87335436  0.59720442
 -0.98116938 -0.7747241  -0.25051071  0.21869175 -0.26238703  0.96327176
  0.37183395 -0.63231071 -0.9014501 ]

GEN: 90
MAX SCORE: 23.0
[ 0.61226228  0.24807871 -0.54382833  0.17026763 -0.53887598  0.34182603
  0.06032416 -0.36091714 -0.63637806 -0.81698241 -0.86016846  0.15122063
 -0.1528045   0.54525302  0.78887354 -0.58045594  0.90872769 -0.47984326
  0.50480687  0.37553032 -0.97769034  0.64119993 -0.31741642 -0.84894223
 -0.14599769 -0.84432077 -0.48806685  0.95957132  0.8333353  -0.92349896
 -0.96633185  0.5636512   0.89404956 -0.32167548  0.68177809 -0.44525906
  0.6388877   0.7264198   0.88779732 -0.48719853 -0.34670064 -0.0644242
  0.46934459  0.1898007   0.34847545  0.49268003  0.1646074   0.96278955
  0.8702413   0.11549043  0.2543784   0.41332079  0.45299792  0.54025909
 -0.99315668  0.21777574 -0.85093799  0.36642843  0.83714644  0.30440851
 -0.87340905 -0.80881664 -0.83565641  0.34060846  0.7822456   0.66856548
  0.07640442  0.15717618  0.86060617 -0.50489257 -0.8114112   0.56032223
  0.35815869 -0.02160089  0.5387567  -0.41178897  0.92140869 -0.4501773
  0.01079416 -0.46851419 -0.78549196  0.79985716 -0.8838563  -0.99788751
 -0.61025148 -0.2006919  -0.53373063  0.38999784  0.8824208  -0.0359762
 -0.49543722  0.15333786  0.86489268  0.3046217  -0.2129935   0.92817133
 -0.12433079 -0.44729478  0.99291635 -0.30064735 -0.87335436 -0.04116232
 -0.99282938 -0.85967724 -0.25015027  0.21869175 -0.20054409  0.98848705
  0.63334374 -0.96329862 -0.9014501 ]

GEN: 105
MAX SCORE: 24.0
[ 0.57540073  0.38083915 -0.5209761   0.307445   -0.04413479  0.66513666
  0.05999692 -0.07257161 -0.6597434  -0.91275679 -0.85863677 -0.13681086
  0.31531595  0.81891947  0.86070507  0.50434129  0.22036914 -0.47984326
  0.47329332  0.63231431 -0.9344722   0.67770053  0.24821331 -0.8780574
  0.59607153 -0.83957915 -0.48279368  0.95980566 -0.32977945 -0.72853699
 -0.96050626  0.72600379  0.90353671 -0.38743838 -0.49642109 -0.61554673
  0.62767091  0.88112996 -0.21415075 -0.37271373 -0.29825752 -0.70747933
  0.47872166  0.02094105  0.61427632  0.21275322  0.1596566  -0.456166
  0.80614332  0.74607319  0.07032711  0.34221424  0.49098866  0.53891605
 -0.9938432   0.15389887 -0.50149036  0.0396799   0.97209537  0.39010178
 -0.88277769  0.73222722 -0.83577305  0.33344649  0.95845486  0.66855926
  0.28267268  0.22754269  0.89535579 -0.47595933 -0.81686925  0.71578987
  0.35011653  0.37751279  0.58214636 -0.49085497  0.87997648  0.33265748
  0.00977194  0.67122095 -0.82765987  0.80300082 -0.81281677 -0.99824443
 -0.6383315  -0.22207305 -0.57887878  0.5712785   0.78560083 -0.82034546
  0.03178857  0.40219179  0.72143886 -0.18789816 -0.21276062  0.91209017
 -0.22687301 -0.52764706  0.8938392  -0.29285626 -0.87335436 -0.19951416
 -0.99330352 -0.8524462   0.61149183  0.23985594 -0.17466198  0.99119987
 -0.63007684 -0.87634218  0.06415684]

GEN: 120
MAX SCORE: 30.0
[ 0.84222536  0.2460239  -0.63306879  0.24063901 -0.55521072  0.77051221
 -0.46138597 -0.22102731 -0.65290044 -0.93320921 -0.8528278  -0.03479588
  0.32200615  0.81499789  0.80463838  0.70286429  0.34314446 -0.44532914
 -0.2509207   0.74215311 -0.98884464  0.72303231 -0.15595532 -0.89452289
  0.56367177 -0.71956274 -0.79649122  0.85478325 -0.1558437  -0.76941732
 -0.93506956  0.55254062  0.97184539 -0.39798637 -0.47888379 -0.6247086
  0.60653443  0.59576628 -0.2301003   0.03469685 -0.29495226 -0.69566326
  0.49537061 -0.68477897  0.6142794   0.06768626 -0.92695912 -0.45629061
  0.83051485  0.59663027  0.80011163  0.29032549  0.6819265   0.292825
 -0.99702341  0.13442975 -0.5615924  -0.01293451 -0.70373671  0.34890362
 -0.36458557  0.73321454 -0.88466648  0.33799985 -0.12096942  0.66855938
  0.55544508  0.73335338  0.95431333 -0.47086118 -0.91264345  0.39572774
  0.25171037  0.50835973  0.63665744 -0.49085655  0.89706365  0.92036927
  0.02890416  0.91380611 -0.86275844  0.80575561 -0.84395491 -0.96781742
 -0.53214638 -0.59708732 -0.6805859   0.20920751  0.9145142  -0.98874029
 -0.70846774  0.48566037  0.72143886 -0.20966781 -0.19265933  0.97972019
 -0.23633582  0.14895871  0.46716327 -0.33759511 -0.76648322 -0.21763848
 -0.99250693 -0.51845656  0.49932635  0.23985594 -0.17655978  0.9906433
 -0.43439401 -0.98770438  0.06415684]

GEN: 135
MAX SCORE: 39.0
[ 0.87074928  0.28827366 -0.6335019   0.15455887 -0.55521094  0.77051221
 -0.5768033  -0.2638123  -0.65307965 -0.9323414  -0.8480423   0.48730291
  0.32201261  0.815189    0.8556598   0.7148151   0.36645806 -0.45026718
 -0.25309022  0.27007686 -0.99205093  0.71013691  0.07195514 -0.88002296
  0.5086313  -0.24170314 -0.79649122  0.95772394 -0.15564611 -0.75876027
 -0.93493671  0.55254062  0.95500771 -0.39798637 -0.3878103  -0.61421759
  0.61432895  0.59576628 -0.27259457 -0.5597719  -0.29432989 -0.78094895
 -0.71826955  0.1675281   0.78190529  0.06504094  0.15163179 -0.45629061
  0.83053707  0.81834668  0.79010515  0.29031563  0.6838326  -0.55366868
 -0.99061372  0.36476291  0.14775294  0.07336244 -0.86152306  0.07109651
 -0.42886234  0.73312273 -0.97911989  0.32206355 -0.46426109  0.68109746
  0.51047893  0.86065916  0.9754145  -0.19641901 -0.89677773  0.87019604
  0.59406356  0.54400614  0.63773756 -0.49106426  0.87909927  0.73628063
  0.01377642  0.92298602  0.54354077  0.80565038  0.52301794 -0.99630797
 -0.51949234 -0.60647389 -0.6805859   0.73090091  0.91388105 -0.80527049
 -0.70846774  0.6570141   0.72143886  0.11123967 -0.31884073  0.96296241
 -0.23623578  0.18037206  0.76954221 -0.33515217 -0.75607039 -0.21762362
 -0.99252455 -0.55471716  0.88129119  0.23985594 -0.81222175  0.99094352
 -0.43439401 -0.98344184  0.48654914]

GEN: 150
MAX SCORE: 88.0
[ 0.87074968  0.28827366 -0.6335019   0.36853022 -0.55521094  0.77076692
 -0.5954571  -0.26446108 -0.65308067 -0.9579835  -0.84803051  0.51623631
  0.32201255  0.815189    0.84768987  0.71489021  0.36645806 -0.45026718
 -0.10489459  0.27007686 -0.99195227  0.71047445  0.00615823 -0.88062876
  0.50726082 -0.3963947  -0.68223151  0.94701751  0.42067015 -0.46953682
 -0.93545375  0.55257609  0.96256269 -0.39798637 -0.47530009 -0.60887337
  0.61167702  0.8307568  -0.27259457 -0.5597719  -0.37505718 -0.78094895
 -0.71826955  0.1675281   0.77596678  0.06530158  0.12251835 -0.04416901
  0.83043736  0.81834668  0.79010515  0.29031563  0.7222742  -0.57499088
 -0.87450523  0.36423182  0.24476432  0.03695223 -0.74723759  0.15890147
 -0.37357462  0.73312194 -0.97911774  0.32926133 -0.46740572  0.57849619
  0.72032824  0.73252475  0.98454485  0.40868372 -0.902453    0.86889255
 -0.20038158  0.55341329  0.63751654 -0.49106426  0.9237144   0.73430661
  0.01377642  0.92298602  0.54354077  0.97040041  0.49559037 -0.99040154
 -0.52338569 -0.60647389 -0.99417042  0.80219098  0.91388112 -0.81284009
  0.41861883  0.34906588  0.72143886  0.1022757  -0.3196191   0.96031505
 -0.23619764 -0.54185891  0.843871   -0.19374025 -0.75607039 -0.89018361
 -0.99252151 -0.55985618  0.85818326  0.2395947  -0.62543177  0.99094308
 -0.43439401 -0.95102265  0.48654914]

GEN: 165
MAX SCORE: 108.0
[ 0.87074967  0.28827366 -0.60087165  0.71195646 -0.55521094  0.77076549
 -0.5954571  -0.26446132 -0.65308067 -0.96812707 -0.84803051  0.49093418
  0.32201255  0.815189    0.84768987  0.71485143  0.36645806 -0.45026718
 -0.10490166  0.27007686 -0.99196094  0.71014813  0.00566524 -0.89094386
  0.50877821 -0.27673721 -0.70093752  0.94701751  0.46983718 -0.62616419
 -0.93545375  0.5525853   0.95654965 -0.39798637 -0.47530009 -0.60911774
  0.61167702  0.53770601 -0.27259457 -0.5597719  -0.29261638 -0.78094895
 -0.71826955  0.1675281   0.77599209  0.06536937 -0.18112534 -0.04416901
  0.83041876  0.81834668  0.79010515  0.29030003  0.66488339 -0.57015516
 -0.92727063  0.54246457 -0.93242985  0.03019033 -0.74723759  0.15851837
 -0.66476858  0.69812755 -0.97911774  0.32926133 -0.47568071  0.58654373
  0.72032824  0.73320941  0.84539485  0.5186543  -0.90773087  0.86890286
  0.21910727  0.5536142   0.63751654 -0.49106426  0.99331422  0.73430661
  0.01378737  0.92298602  0.54354077  0.94130456  0.49704005 -0.99040154
 -0.52338543 -0.63367021 -0.9601717   0.8059142   0.91388157 -0.81284009
  0.418484    0.27903363  0.72143886  0.1022757  -0.3196191   0.96043699
 -0.24159367 -0.6690253   0.84538058 -0.85366124 -0.75484148 -0.89018361
 -0.99252151 -0.56529515  0.851792   -0.87739211 -0.6312563   0.99094315
 -0.43439401 -0.35129697  0.48654914]

GEN: 180
MAX SCORE: 104.0
[ 0.87074967  0.28827366 -0.60216415  0.69436915 -0.55521094  0.77076553
 -0.5954571  -0.26446132 -0.65308067 -0.99206398 -0.84803051  0.49093418
  0.32201255  0.6874406   0.84768987  0.71490292  0.36645806 -0.45021764
 -0.10490162  0.27007686 -0.99196094  0.71005992  0.00559375 -0.89094323
  0.51053228 -0.27682138 -0.70093752  0.94701751  0.49488984 -0.59354999
 -0.93545375  0.5525336   0.95665224 -0.39798637 -0.47530009 -0.6091285
  0.61167702  0.5377102  -0.27259457 -0.5597719  -0.28947589 -0.78094895
 -0.71826955  0.1675281   0.77599233  0.06536835 -0.17908565 -0.53622838
  0.83041876  0.81834668  0.79010515  0.31217543  0.66597736 -0.57001543
 -0.92724742  0.40833771  0.1149698   0.03019033 -0.74723759  0.15851434
 -0.88952916  0.69775953 -0.97911774  0.32926133 -0.47643153  0.57659977
  0.72032824  0.73380085  0.84519603  0.52062979 -0.8413351   0.86890292
  0.22026288  0.55318518  0.63751654 -0.49106426  0.99676851  0.73430661
  0.01378861  0.92298602  0.54354077  0.88971917  0.49693487 -0.99040154
 -0.52338555 -0.88922944 -0.9601717   0.80583508  0.91211804 -0.81284009
  0.41848817  0.27903499  0.78948488  0.1658138  -0.3196191   0.96043699
 -0.24617933 -0.55658609  0.84539584 -0.85366124 -0.75478964 -0.89018361
 -0.99252151 -0.56529515  0.85178874  0.24834076 -0.63071384  0.99094315
 -0.43439401 -0.35116862  0.48654914]

GEN: 195
MAX SCORE: 105.0
[ 0.87074967  0.28827366 -0.60350794  0.6943444  -0.55521094  0.77076553
 -0.5954571  -0.26446132 -0.65308067 -0.96794504 -0.84803051  0.49093418
  0.32201255  0.6874144   0.84768987  0.71490309  0.36645806 -0.45021764
 -0.03948674  0.27007686 -0.99196094  0.71005992  0.00559375 -0.89094323
  0.510769   -0.27682138 -0.70093752  0.94701751  0.49488984 -0.59354999
 -0.93545375  0.55251495  0.96392431 -0.39798637 -0.47530009 -0.6091285
  0.61167702  0.5377102  -0.38385582 -0.5597719  -0.10371289 -0.78094895
 -0.71826955  0.1675281   0.7759923   0.06536835 -0.17908565 -0.53622838
  0.83032155  0.81834668  0.79010515  0.31217543  0.66597736 -0.57001543
 -0.91883544  0.40240067  0.1890498   0.03019033 -0.74723759  0.17374659
 -0.88952916  0.69775953 -0.97911774  0.32926133 -0.47643153  0.57249449
  0.72032824  0.73380053  0.84520567  0.54716838 -0.84172856  0.8689029
  0.22053228  0.55318514  0.63751654 -0.49106426  0.99747315  0.74246123
  0.01378861  0.92298602  0.54354077  0.88971917  0.49693487 -0.99040154
 -0.52338555 -0.86062501 -0.9601717   0.80582846  0.91211804 -0.81284009
  0.41848817  0.27903563  0.78948488  0.1658138  -0.3196191   0.96043699
 -0.24617933 -0.55778764  0.8604928  -0.85366124 -0.75477878 -0.89018361
 -0.99252151 -0.56529515  0.85178835  0.24194084 -0.64028482  0.99094315
 -0.43439401 -0.35116862  0.48654914]

GEN: 210
MAX SCORE: 105.0
[ 0.87074967  0.28827366 -0.60350794  0.6943444  -0.55521094  0.77076553
 -0.5954571  -0.26446132 -0.65308067 -0.96794504 -0.84803051  0.49093418
  0.32201255  0.6874382   0.84768987  0.71490309  0.39589283 -0.45021764
 -0.03948674  0.27007686 -0.99196094  0.64550562  0.00559375 -0.89094323
  0.510769   -0.27682138 -0.69632805  0.94701751  0.49488984 -0.59354999
 -0.93545375  0.55251495  0.96392342 -0.39798637 -0.47530009 -0.6091285
  0.61167702  0.5377102  -0.38385582 -0.5597719  -0.10384912 -0.78094895
 -0.71826955  0.1675281   0.7759923   0.06536835 -0.17908565 -0.53622838
  0.83032155  0.81834668  0.79010515  0.31217543  0.66594651 -0.57001543
 -0.91883544  0.40240067  0.1890498   0.03019033 -0.75967657  0.16572953
 -0.88952916  0.69775953 -0.97911774  0.32926133 -0.47643153  0.57249449
  0.72032824  0.73380053  0.85462273  0.54731298 -0.841729    0.8689029
  0.2205289   0.55318514  0.63751654 -0.49106426  0.99747406  0.74246176
  0.01378861  0.92298602  0.54985438  0.88971917  0.49693487 -0.99040154
 -0.52338555 -0.86062501 -0.96010864  0.80582846  0.91211804 -0.81284009
  0.41848817  0.27903563  0.78948488  0.1658138  -0.3196191   0.96043699
 -0.24617933 -0.55778742  0.8604928  -0.85366124 -0.75477878 -0.89018361
 -0.99252151 -0.56529515  0.85178835  0.24194084 -0.64027722  0.99094315
 -0.43439401 -0.35116862  0.48654914]

GEN: 225
MAX SCORE: 89.0
[ 0.87074967  0.28827366 -0.60350794  0.75358144 -0.55521094  0.77076553
 -0.5954571  -0.26446132 -0.65308067 -0.96794504 -0.84803051  0.49093418
  0.32201255  0.68741804  0.84768987  0.71490309  0.39589283 -0.45021764
 -0.03948674  0.27007686 -0.99196094  0.65604679  0.00559375 -0.89094323
  0.26127874 -0.27682138 -0.70879809  0.94701751  0.49488984 -0.59354999
 -0.93545375  0.55251494  0.96392476 -0.39798637 -0.47530009 -0.6091285
  0.61167702  0.5377102  -0.38385582 -0.5597719  -0.10384905 -0.78094895
 -0.71826955  0.1675281   0.77289053  0.06536835 -0.17908565 -0.53679792
  0.83032104  0.81834668  0.79010515  0.31217543  0.6659749  -0.57001543
 -0.91883544  0.40240167  0.20748529  0.03019033 -0.76256078  0.15840354
 -0.88952916  0.69775953 -0.97911774  0.32926133 -0.48711448  0.57249449
  0.72032824  0.73380053  0.85458516  0.54718744 -0.84172849  0.8689029
  0.2205288   0.55318514  0.63751654 -0.56159629  0.9974646   0.7434197
  0.01378861  0.92298602  0.55922709  0.88971917  0.49693487 -0.99040154
 -0.52338555 -0.86062501 -0.95997886  0.88226487  0.91211804 -0.81284009
  0.41848817  0.27903563  0.87399943  0.1658138  -0.3196191   0.96043699
 -0.24617933 -0.55778743  0.8604928  -0.85366124 -0.75477878 -0.89018361
 -0.99252151 -0.56529515  0.85178835 -0.25081586 -0.64027497  0.99094315
 -0.43439401 -0.35116862  0.48654914]

GEN: 240
MAX SCORE: 104.0
[ 0.87074967  0.32974796 -0.60350794  0.76248704 -0.55521094  0.77076553
 -0.5954571  -0.26446132 -0.65308067 -0.96794504 -0.84803051  0.49093418
  0.30079194  0.68741362  0.84768987  0.71490309  0.39589283 -0.45021764
 -0.03948674  0.27007686 -0.99196094  0.65618761  0.00559375 -0.89094323
  0.3607989  -0.27682138 -0.55606115  0.94701751  0.49488984 -0.59354999
 -0.93545375  0.5540239   0.96392476 -0.39798637 -0.47530009 -0.6091285
  0.61167702  0.5377102  -0.38385582 -0.5597719  -0.10384906 -0.78094895
 -0.71826955  0.1675281   0.71452581  0.06536835 -0.17908565 -0.53622821
  0.83033924  0.81834668  0.79010515  0.31217543  0.66597491 -0.57001543
 -0.91883544  0.40240178  0.19672774  0.03019033 -0.7678516   0.15854371
 -0.88952916  0.69775953 -0.97911774  0.32926133 -0.47851506  0.57249449
  0.72032824  0.73380053  0.85456629  0.54718281 -0.83412805  0.8689029
  0.22052882  0.55318514  0.63751654 -0.56294439  0.99746459  0.74054191
  0.01378861  0.92298602  0.55886133  0.88971917  0.49693487 -0.99040154
 -0.52338555 -0.86062501 -0.95997886  0.81780747  0.91211804 -0.81284009
  0.41848817  0.27903563  0.79064173  0.1658138  -0.3196191   0.96043699
 -0.24617933 -0.55778743  0.8604928  -0.85366124 -0.75477878 -0.89018361
 -0.99051737 -0.56529515  0.85178835 -0.34632095 -0.64027555  0.95592985
 -0.43281316 -0.35116862  0.48654914]

GEN: 255
MAX SCORE: 104.0
[ 0.87074967  0.32974796 -0.60350794  0.76248704 -0.55521094  0.77076553
 -0.5954571  -0.26446132 -0.65308067 -0.96794504 -0.84803051  0.49093418
  0.30079194  0.68741362  0.84768987  0.71488117  0.39258583 -0.45021764
 -0.03948674  0.26952291 -0.99196094  0.65618761  0.00559375 -0.89094323
  0.36079932 -0.27682138 -0.55730587  0.94701751  0.49488984 -0.59354999
 -0.93545375  0.55447762  0.96392476 -0.39798637 -0.47530009 -0.6091285
  0.61167702  0.5377102  -0.38385582 -0.5597719  -0.10384906 -0.78094895
 -0.71826955  0.1675281   0.71452581  0.06536835 -0.17908565 -0.53622818
  0.9430753   0.6637402   0.79010515  0.31217543  0.66597491 -0.57001543
 -0.91883544  0.40240178  0.19672774  0.03549774 -0.76785173  0.15854371
 -0.88952916  0.69775953 -0.97911774  0.32926133 -0.47851506  0.57249449
  0.72032824  0.73380053  0.85456497  0.54718281 -0.83412805  0.8689029
  0.22052882  0.53002333  0.63751654 -0.56299227  0.99746459  0.74054191
  0.01378861  0.92298602  0.55886133  0.88834918  0.49693487 -0.99040154
 -0.52338555 -0.86738927 -0.95997886  0.81780747  0.89796427 -0.81275639
  0.41848817  0.27903563  0.79064173  0.1658138  -0.3196191   0.96043699
 -0.24617933 -0.55778743  0.8604928  -0.85366124 -0.75477878 -0.89002638
 -0.99051737 -0.56529515  0.85178835 -0.38560297 -0.64027555  0.95686069
 -0.43281444 -0.35116862  0.48654914]

GEN: 270
MAX SCORE: 102.0
[ 0.87074967  0.32974796 -0.60350794  0.76248704 -0.55521094  0.77076553
 -0.5954571  -0.26446132 -0.65308067 -0.96794504 -0.85343149  0.49093418
  0.30079194  0.68741362  0.84703711  0.71488204  0.39072318 -0.45021764
 -0.03948674  0.26952231 -0.99196094  0.65618761  0.00559375 -0.89094323
  0.343514   -0.27682138 -0.55587529  0.94701751  0.49488984 -0.59354999
 -0.93545375  0.554602    0.96392476 -0.39798637 -0.47530009 -0.6091285
  0.61167702  0.5377102  -0.94250215 -0.5597719  -0.10384906 -0.78094895
 -0.71661548  0.1675281   0.71452583  0.06536835 -0.17908565 -0.53622818
  0.83032599  0.81848148  0.79010515  0.31217543  0.66597491 -0.57001543
 -0.91883544  0.40240178  0.19672774  0.08044265 -0.10614007  0.15854371
 -0.88952916  0.69775953 -0.97911774  0.32926133 -0.47851506  0.01540375
  0.72032824  0.73380053  0.85456475  0.54718281 -0.83412805  0.8689029
  0.22052882  0.51860546  0.63751654 -0.56299662  0.99746459  0.74054191
  0.01378861  0.92298602  0.55886133  0.88835018  0.49693487 -0.99040154
 -0.52338555 -0.86688104 -0.96010423  0.81961001  0.89796427 -0.81293828
  0.41848817  0.27752933  0.79064173  0.13561044 -0.3196191   0.96043699
 -0.24617933 -0.55778743  0.8604928  -0.85366124 -0.75477878 -0.78932492
 -0.99051737 -0.56724425  0.85178835 -0.38756896 -0.64027555  0.95685948
 -0.43281446 -0.35116862  0.48654914]

GEN: 285
MAX SCORE: 101.0
[ 0.87074967  0.34617772 -0.63277113  0.76378245 -0.55521094  0.77076553
 -0.5954571  -0.08242169 -0.65308067 -0.96794504 -0.85011777  0.49093418
  0.30079194  0.68741362  0.78638131  0.71488212  0.39205647 -0.46128774
 -0.00436392  0.26952262 -0.99196093  0.65618761  0.00559375 -0.89094323
  0.34785149 -0.27682138 -0.60649821  0.94701751  0.49488984 -0.59354999
 -0.93545375  0.55460211  0.96392476 -0.39798637 -0.47530009 -0.6091285
  0.61167702  0.53779121 -0.36356513 -0.5597719  -0.52134811 -0.78109523
 -0.71828084  0.16808763  0.71452582  0.06536835 -0.17908565 -0.53622818
  0.83032599  0.79772937  0.79010515  0.27750827  0.66597491 -0.56997002
 -0.91762053  0.40240178  0.19672774  0.04356009 -0.21632504  0.15854367
 -0.88952916  0.69775953 -0.97911774  0.32926133 -0.47851506  0.98937729
  0.72032824  0.73380053  0.8545648   0.54731947 -0.83412805  0.8689029
  0.04180142  0.51866946  0.63751654 -0.56299341  0.99746459  0.12933623
  0.01378861  0.92298602  0.55886133  0.88629045  0.49682675 -0.99040154
 -0.52338555 -0.91022411 -0.96009836  0.79945148  0.89796427 -0.81293667
  0.41848817  0.27518212  0.79064173  0.15203754 -0.3196191   0.96043699
 -0.24617933 -0.55778743  0.96734041 -0.85366124 -0.75477878 -0.57994735
 -0.99117428 -0.54737399  0.85178835 -0.38756896 -0.64027555  0.98665145
 -0.47616183 -0.35116862  0.48654914]

GEN: 300
MAX SCORE: 119.0
[ 0.87074967  0.63252996 -0.6966432   0.76482265 -0.55521094  0.77076553
 -0.5954571   0.26601177 -0.65308067 -0.96794504 -0.29571366  0.49093418
  0.30079194  0.68741362  0.77294882  0.01845944  0.44724249 -0.10775272
  0.50121923  0.26952259 -0.99196094  0.65618761  0.00559375 -0.89094323
  0.34620575 -0.27682138 -0.55628735  0.9470039   0.49488984 -0.55701782
 -0.93545375  0.55459646  0.96392476 -0.42338284 -0.47530009 -0.6091285
  0.61167702  0.5346332  -0.37406162 -0.5597719  -0.09639234 -0.78087273
 -0.80009707  0.18468924  0.71452584  0.06536835 -0.27631718 -0.00735724
  0.8858876   0.87981758  0.79010515  0.27107346  0.66597491 -0.57000098
 -0.91609948  0.40240178  0.19672774  0.05365222 -0.26630764  0.15854257
 -0.88952916  0.69775953 -0.97911774  0.32926133 -0.47851506  0.74316375
  0.71990736  0.4554294   0.8564084   0.54772192 -0.83454622  0.8689029
  0.50079034  0.51887292  0.63751654 -0.56299301  0.99875258  0.33573831
 -0.03514797  0.92298602  0.55886133  0.89069071  0.49681892 -0.99040154
 -0.52338555 -0.88200722 -0.96009939  0.82270225  0.89796427 -0.81295925
  0.41848817  0.27690809  0.73334579  0.15057698 -0.3196191   0.96030708
 -0.24617933 -0.55778743  0.86435061 -0.85623686 -0.75477878 -0.61977078
 -0.9904866  -0.74917089  0.85178835 -0.38756896 -0.65159179  0.98361908
 -0.64174486 -0.35116862  0.48654914]

GEN: 315
MAX SCORE: 120.0
[ 0.87074967  0.63560198 -0.74537494  0.76468927 -0.55521094  0.95400358
 -0.5954571   0.26817572 -0.65308067 -0.96794504 -0.29571366  0.49093418
  0.30079194  0.68741362  0.80307632  0.02171908  0.4123498  -0.1648577
  0.50053472  0.26952255 -0.99196094  0.88150413  0.00559375 -0.89094323
  0.34620574 -0.27682138 -0.55631536  0.94702132  0.296364   -0.61021111
 -0.85819448  0.55459646  0.96392476 -0.4237593  -0.47530009 -0.6091285
  0.61167702  0.53443146 -0.3731268  -0.5597719  -0.10393945 -0.78087317
 -0.26695365  0.18471884  0.71452584  0.06536835 -0.27609144 -0.00735724
  0.8858876   0.8780361   0.78970162  0.27223609  0.66597491 -0.57000121
 -0.91609948  0.40240178  0.1990719   0.05389338 -0.26648036  0.15854257
 -0.88952916  0.69775953 -0.97911843  0.32926133 -0.47851506  0.70736422
  0.72156036  0.10152767  0.85941709  0.54861154 -0.83454628  0.8689029
  0.50079034  0.51877885  0.63751654 -0.56191807  0.99852962  0.36577152
 -0.0356598   0.92298602  0.55886133  0.89033775  0.49681888 -0.99040154
 -0.52338555 -0.88195515 -0.96009939  0.82270225  0.89796427 -0.80748475
  0.41848817  0.27700016  0.3258039   0.15057904 -0.3196191   0.96028522
 -0.24617933 -0.55778743  0.86722086 -0.85366124 -0.76061833 -0.61977078
 -0.99050158 -0.74577993  0.60897309 -0.38756896 -0.65299499  0.98364988
 -0.21163716 -0.35116862  0.48654914]

GEN: 330
MAX SCORE: 118.0
[ 0.87074967  0.63560201 -0.74510354  0.76419947 -0.55521094  0.95616093
 -0.5954571   0.26385726 -0.65308067 -0.96794504 -0.29571366  0.48301613
  0.30079194  0.68741362  0.81945173  0.82828504  0.37246806 -0.16210881
  0.50046703  0.26952256 -0.99196094  0.8813504   0.00559375 -0.89094323
  0.34620574 -0.27682138 -0.55629316  0.94705949  0.27781032 -0.61280353
 -0.92989408  0.55459646  0.96142628 -0.42373333 -0.47530009 -0.6091285
  0.61167702  0.5344097  -0.34849265 -0.5597719  -0.11945988 -0.78087335
 -0.76564086  0.18470869  0.71452584  0.06536835 -0.27612181 -0.00735724
  0.8858876   0.87815971  0.80686796  0.27207375  0.66597491 -0.5700012
 -0.91609948  0.40240178  0.51776393  0.05339688 -0.2665063   0.15854257
 -0.88952916  0.69775953 -0.97884905  0.32926133 -0.47851506  0.70736157
  0.76201264  0.09428887  0.88468531  0.54860138 -0.83454621  0.8689029
  0.50079034  0.51831767  0.63751654 -0.56658003  0.99854372  0.35263901
 -0.03747985  0.92298602  0.55886133  0.89038944  0.4968193  -0.99040154
 -0.52338555 -0.88196673 -0.96009937  0.82270225  0.89796427 -0.80600027
  0.41848817  0.27700016  0.35834582  0.15058147 -0.3196191   0.96031557
 -0.24617933 -0.55778743  0.8759043  -0.85366124 -0.824773   -0.61977078
 -0.9904707  -0.74577993 -0.06996642 -0.5015032  -0.65252224  0.98366327
 -0.70798453 -0.35116862  0.48654914]

GEN: 345
MAX SCORE: 122.0
[ 0.87074967  0.63560201 -0.74513343  0.76419947 -0.55521094  0.95616093
 -0.5954571   0.26385726 -0.65308067 -0.96794504 -0.29379288  0.48301613
  0.30079194  0.68741362  0.81945173  0.2746288   0.3883721  -0.16210883
  0.500467    0.29585696 -0.99196094  0.88135021  0.00559375 -0.89094323
  0.34620574 -0.27682138 -0.55629316  0.9462292   0.27625069 -0.63075831
 -0.92989408  0.55459646  0.94728308 -0.42371033 -0.47530009 -0.6091285
  0.61167702  0.53441713 -0.34849265 -0.5597719  -0.11945988 -0.78087335
 -0.76568331  0.18470865  0.71452584  0.06536835 -0.27612022  0.05608988
  0.58142965  0.87815971  0.80598596  0.27207375  0.66597491 -0.5700012
 -0.57813615  0.40240178  0.51776393  0.05339688 -0.2665063   0.15854257
 -0.88952916  0.69775953 -0.97884895  0.32926133 -0.47851506  0.70736285
  0.76201264  0.09434617  0.88468531  0.54860138 -0.83454622  0.8689029
  0.50079034  0.51831767  0.63751654 -0.56658003  0.99854381  0.35507158
 -0.03747985  0.92298602  0.55886133  0.89038893  0.4968193  -0.99040154
 -0.52338555 -0.88192179 -0.96009649  0.82270225  0.89796427 -0.80644565
  0.41848817  0.27700016  0.33678844  0.14659767 -0.3196191   0.96031557
 -0.24617933 -0.55778743  0.87607084 -0.85366124 -0.83200047 -0.61977078
 -0.99379287 -0.74577993 -0.06996642 -0.50150425 -0.65252224  0.98366327
 -0.70798453 -0.35116862  0.48654914]

GEN: 360
MAX SCORE: 130.0
[ 0.87074967  0.47876145 -0.74032955  0.76419947 -0.55521094  0.95616093
 -0.5954571   0.26385726 -0.65308067 -0.96794504 -0.9127231   0.48301613
  0.30079194  0.68727083  0.81945173  0.2802022   0.12609951 -0.16210883
  0.500467    0.29584686 -0.99196094  0.88135021  0.00559375 -0.89678738
 -0.2013754  -0.27682138 -0.55629316  0.94705949  0.27625069 -0.61318619
 -0.92989408  0.55459646  0.94758673 -0.42371033 -0.47530009 -0.6091285
  0.61167702  0.53441713 -0.34849265 -0.5597719  -0.11945988 -0.78087335
 -0.76570052  0.18470865  0.71452584  0.06536835 -0.27612022  0.05608988
  0.58142965  0.87815971  0.80598545  0.18983025  0.66597497 -0.5700012
 -0.82237006  0.42726763  0.51776393  0.05339688 -0.2665063   0.15854257
 -0.88952916  0.69775953 -0.97884866  0.32926133 -0.47851506  0.70736285
  0.76201264  0.09434617  0.88468531  0.54860138 -0.83368853  0.89920931
  0.50079034  0.51831767  0.63751654 -0.56658003  0.99854381  0.35507158
 -0.03747985  0.92298602  0.72442177  0.89038893  0.49793512 -0.99040154
 -0.52338555 -0.87719339 -0.9601138   0.82270225  0.88935202 -0.80644565
  0.41848817  0.27700016  0.33678844  0.15066033 -0.3196191   0.96031557
 -0.24617933 -0.55778743  0.87607084 -0.85366124 -0.83460316 -0.61977078
 -0.99421652 -0.74718193 -0.06996642 -0.49847818 -0.65252224  0.98366327
 -0.84930263 -0.35116862  0.48654914]

GEN: 375
MAX SCORE: 118.0
[ 0.85877109  0.63550341 -0.89106342  0.76419947 -0.55521094  0.95616093
 -0.5954571   0.26385726 -0.05508546 -0.96794504 -0.99986697  0.48301613
  0.30079194  0.68732181  0.69684993  0.03007937  0.18632647 -0.16210883
  0.50471433  0.29584691 -0.99196094  0.88135021  0.00559375 -0.88690486
  0.1785301  -0.27682138 -0.55629316  0.95033868  0.27163142 -0.61318619
 -0.92989408  0.55459646  0.94758673 -0.42371033 -0.47530009 -0.6091285
  0.61167702  0.52880594 -0.45086237 -0.5597719  -0.11945988 -0.78087335
 -0.76570052  0.2022992   0.71452584  0.06536835 -0.27612022  0.05608988
  0.58142965  0.87815971  0.80365483 -0.31427889  0.66597457 -0.5700012
 -0.82998528  0.30537664  0.51776393  0.05339688 -0.2665063   0.4621291
 -0.88952916  0.91020342 -0.97884866  0.32926133 -0.4796536   0.70736285
  0.92710624  0.09434617  0.88468531  0.54860138 -0.83543943  0.87080239
  0.50079034  0.52173885  0.63751654 -0.56658003  0.99853418  0.35507158
 -0.03747985  0.97621148  0.67746066  0.89038893  0.39509955 -0.99040154
 -0.52338555 -0.87719338 -0.96011381  0.82270225  0.95114128 -0.80576025
  0.41848817  0.27700016  0.33678844  0.15067803 -0.3196191   0.96031557
 -0.63167413 -0.55778743  0.87607084 -0.85366124 -0.83378537 -0.61880188
 -0.99421652 -0.7444994  -0.06996284 -0.48475356 -0.65252224  0.98366327
 -0.71583799 -0.88909258  0.48654914]

GEN: 390
MAX SCORE: 124.0
[ 0.86039082  0.63550341 -0.89106342  0.76419947 -0.85698086  0.95616093
 -0.5954571   0.26385726 -0.01999611 -0.96794504 -0.99986697  0.48301613
  0.30079194  0.68732181  0.69684993  0.03007937  0.18631752 -0.16210883
  0.50467886  0.29584691 -0.9403236   0.88135021  0.03248242 -0.88690486
 -0.3501512  -0.27682138 -0.55629316  0.96119481  0.27757307 -0.61318619
 -0.92989408  0.55459646  0.94758673 -0.42371033 -0.47530009 -0.6091285
  0.61167702  0.52880594 -0.47164908 -0.5597719  -0.11945988 -0.78087335
 -0.76570052  0.37268118  0.71452584  0.06536835 -0.27612022  0.05608988
  0.58142965  0.87815971  0.80368389 -0.31427889  0.66733938 -0.5700012
 -0.82929897  0.30537666  0.51776393  0.05339688 -0.2665063   0.46203272
 -0.88952916  0.97574103 -0.97884866  0.32926133 -0.47930573  0.70736285
  0.92710624  0.09434617  0.88468531  0.54860138 -0.83543943  0.86991408
  0.50079034  0.52172763  0.63751654 -0.56658003  0.56998599  0.35507158
 -0.03747985  0.97163843  0.67746066  0.89038893  0.39529645 -0.99040154
 -0.62703639 -0.87719338 -0.96011381  0.82270225  0.9503951  -0.80576025
  0.41848817  0.27700016  0.33678844  0.1506917  -0.64930506  0.96031557
 -0.63167413 -0.55778743  0.87607084 -0.85366124 -0.9849461  -0.80593249
 -0.99419945 -0.7444994  -0.06996385 -0.48944674 -0.65252224  0.98366327
 -0.71583799 -0.88909258  0.48654914]

GEN: 405
MAX SCORE: 123.0
[ 0.86039082  0.63550341 -0.89106342  0.76469818 -0.84843712  0.95616093
 -0.5954571   0.26385726 -0.01999611 -0.96794504 -0.99986697  0.48301613
  0.30079194  0.68732181  0.69684852  0.03007937  0.18631752 -0.16210883
  0.50467886  0.29584691 -0.97875423  0.88135021  0.00559375 -0.88690486
 -0.3501512  -0.27682138 -0.55629316  0.96119481  0.29957686 -0.61318619
 -0.92989408  0.55459646  0.94725553 -0.42371033 -0.47530009 -0.6091285
  0.61167702  0.5521687  -0.47164574 -0.5597719  -0.11945988 -0.78087335
 -0.76570052  0.37380336  0.71526004  0.81875544 -0.31361408 -0.58975006
  0.58142965  0.87815971  0.80368389 -0.31427889  0.6669187  -0.5700012
 -0.82929897  0.30537666  0.51776393  0.05339688 -0.35797823  0.46203272
 -0.88952916  0.91703186 -0.97884866  0.32926133 -0.47930573  0.70736285
  0.92710624  0.09434617  0.93218994  0.54860138 -0.95784642  0.86991408
  0.50079034  0.52172763  0.63751654 -0.56658003  0.56998599  0.35507158
 -0.03747985  0.97163843  0.67746066  0.89038893 -0.26412445 -0.99584029
 -0.52338555 -0.87719338 -0.96011381  0.82270225  0.97742236 -0.80576025
  0.41848817  0.27700016  0.33678844  0.14100543 -0.3196191   0.96031557
 -0.63167413 -0.55778743  0.87607084 -0.85366124 -0.98485908 -0.61880188
 -0.99441871 -0.7444994  -0.09549639 -0.48936024 -0.63683635  0.98366327
 -0.71583799 -0.88909258  0.48654914]

GEN: 420
MAX SCORE: 125.0
[ 0.86039082  0.63550341 -0.89018108  0.76259901 -0.84530664  0.97518389
 -0.5954571   0.26385726 -0.01999611 -0.96794504 -0.99986697  0.44745604
  0.30079194 -0.80226122  0.673357   -0.27461239  0.2033214  -0.16210883
  0.50467886  0.29584691 -0.97824304  0.88135021  0.00559375 -0.88690486
 -0.3501512  -0.08019779 -0.54569832  0.96119481  0.34840756 -0.6208738
 -0.92989408  0.55459646  0.94846455 -0.42371033 -0.47530009 -0.6091285
  0.61167702  0.58482694 -0.47020139 -0.5597719  -0.11945988 -0.78087335
 -0.76570052  0.37404176  0.7163927   0.08617495 -0.29805449  0.08456551
  0.85760535  0.84741415  0.80368389 -0.31427889  0.66564362 -0.5700012
 -0.82929897  0.30537666  0.51777733  0.05339688 -0.89641416  0.46203272
 -0.88952916  0.93955405 -0.97884866  0.32926133 -0.59170244  0.70733789
  0.92710624  0.09175447  0.88471899 -0.29855832 -0.8745285   0.86991408
  0.0898422   0.52172763  0.63751654 -0.56658003  0.56998599  0.35374731
 -0.03747985  0.97163843  0.67746066  0.8886625   0.40854279 -0.99585131
 -0.52724704 -0.87719338 -0.9553287   0.82270225  0.97742236 -0.80576025
  0.41848817  0.27703237  0.33678844  0.28632284 -0.3196191   0.96031557
 -0.63167413 -0.64564655  0.83737786 -0.85366124 -0.98577112 -0.61880188
 -0.99444224 -0.79726844 -0.23883064 -0.48936024 -0.63663764  0.93000639
 -0.70963683 -0.89842872  0.48064638]

GEN: 435
MAX SCORE: 128.0
[ 0.86039082  0.63550341 -0.89019337  0.8367548  -0.84494706  0.95685214
 -0.5954571   0.26385726 -0.01999611 -0.99033582 -0.99986644  0.43728475
  0.30079194 -0.53872683  0.42260516  0.09592135  0.16261175 -0.16010755
  0.50467886  0.29584691 -0.94377456  0.88135021  0.00559375 -0.88690486
 -0.3501512  -0.21724477 -0.55212717  0.96119481  0.36526025 -0.78054312
 -0.94631578  0.55459646  0.94789108 -0.42371033 -0.4626626  -0.6091285
  0.61167702  0.58694815 -0.47197535 -0.5597719  -0.11945988 -0.78087335
 -0.76570052  0.15482474  0.70659082  0.1088047  -0.35533854  0.07830429
  0.84782907  0.56153089  0.80368389 -0.31427889  0.66552454 -0.5700012
 -0.82929897  0.30537666  0.51796793  0.05339688 -0.89190252  0.46203272
 -0.88952916  0.93755928 -0.97884866  0.32926133 -0.35292042 -0.44012801
  0.9227197   0.09180215  0.88368075  0.2011038  -0.87459438  0.86991408
  0.08898792  0.51756501  0.77742346 -0.55933971  0.56998599  0.32926732
 -0.03747985  0.97163843  0.67746066  0.88915417  0.31592797 -0.99586077
 -0.59279088 -0.87719338 -0.74705873  0.82270225  0.97777153 -0.80576025
  0.41848817  0.311555    0.33678844  0.2864078  -0.3196191   0.96031557
 -0.63167413 -0.6566927   0.78740605 -0.86991998 -0.98574991 -0.60087015
 -0.99444051 -0.75857474 -0.24232802 -0.48936024 -0.64363497  0.98591254
 -0.70897615 -0.89634741  0.48000809]

GEN: 450
MAX SCORE: 127.0
[ 0.86039082  0.63550341 -0.89019337  0.83469285 -0.84654162  0.95685214
 -0.5954571   0.26385726 -0.01999611 -0.95536402 -0.99986642  0.43728567
  0.30079194 -0.85304327  0.42339621  0.09592264  0.16261186 -0.16010755
  0.50467886  0.29584691 -0.9963311   0.88135021  0.00559375 -0.88690486
 -0.3501512  -0.21724477 -0.55212717  0.96119481  0.36526025 -0.87125204
 -0.94634412  0.55459646  0.94790042 -0.42371033 -0.4626626  -0.6091285
  0.61167702  0.58694815 -0.47197568 -0.5597719  -0.11945988 -0.78087335
 -0.76570052  0.15486082  0.70659633  0.10859176 -0.37006192  0.0852387
  0.84782907  0.58180217  0.80368389 -0.31427889  0.66552454 -0.5700012
 -0.77031752 -0.77420021  0.51796901  0.05339688 -0.89159545  0.46203272
 -0.88952916  0.93764376 -0.97927434  0.32926133 -0.57973817 -0.44028021
  0.93470324  0.09176204  0.88368075  0.2011038  -0.8745943   0.86991408
  0.46538537  0.16028011  0.77739185 -0.55924615  0.56998599  0.32926732
 -0.03747985  0.97163843  0.67746066  0.88915343  0.31592797 -0.99586849
 -0.59408262 -0.88660009 -0.76882605  0.82270225  0.97777153 -0.80576025
  0.41848817  0.27653157  0.33678844  0.2864078  -0.3196191   0.96031557
 -0.63167413 -0.65665772  0.78740605 -0.86991998 -0.84484511 -0.6185824
 -0.99444051 -0.74509697 -0.23455352 -0.48936024 -0.6341207   0.98591254
 -0.71078905 -0.89634741  0.48001012]

GEN: 465
MAX SCORE: 131.0
[ 0.86044066  0.63575335 -0.89019337  0.83469285 -0.84654162  0.95685214
 -0.5954571   0.26385726 -0.01999611 -0.98367205 -0.90917916  0.43728567
  0.29428333 -0.44149027  0.46851717  0.09592188  0.16261186 -0.19722717
  0.50467886  0.29584691 -0.9963676   0.88135021  0.00559375 -0.88690486
 -0.3559764  -0.21724477 -0.55212717  0.96119481  0.36526025 -0.87125204
 -0.94634649  0.55459646  0.94790394 -0.91335302 -0.54933545 -0.6091285
  0.61167702  0.58694815 -0.47197551 -0.5597719  -0.11945988 -0.78087335
 -0.76570052  0.16064034  0.70675294  0.10859176 -0.37005933  0.05550491
  0.84881658  0.58184716  0.80368389 -0.31427889  0.66552454 -0.5700012
 -0.77031752 -0.77383263  0.51796901  0.05339688 -0.89159535  0.46203272
 -0.88952916  0.93764376 -0.97922767  0.32926133 -0.5866245  -0.44028018
  0.93470324  0.09176123  0.88368075  0.2011038  -0.97617122  0.86991408
  0.29193243  0.16028011  0.77739609 -0.55923026  0.56998599  0.32926732
 -0.03747985  0.97163843  0.67746066  0.88915339  0.31592797 -0.99586849
 -0.59404016 -0.88660009 -0.76882605  0.82270225  0.97777153 -0.80576025
  0.41848817  0.27653157  0.33678844  0.2864078  -0.3196191   0.96031557
 -0.63167413 -0.65665771  0.78740605 -0.86974211 -0.84515803 -0.61874573
 -0.99444051 -0.92509712 -0.23974828 -0.42136166 -0.6341207   0.98591254
 -0.71014886 -0.89634741  0.48001012]

GEN: 480
MAX SCORE: 132.0
[ 0.86033162  0.6355146  -0.89019337  0.83469285 -0.84654162  0.95685214
 -0.5954571   0.26385726 -0.01999611 -0.98367205 -0.876936    0.43728567
  0.31564792 -0.44149027  0.47468068  0.8026854   0.16261186 -0.14771528
  0.50467886  0.29584691 -0.97211264  0.88135021  0.00559375 -0.88690486
 -0.35597695 -0.21724477 -0.55212717  0.96119481  0.36526025 -0.87125204
 -0.93758449  0.55635417  0.94790394 -0.91335995 -0.4513082  -0.6091285
  0.61167702  0.58694815 -0.47197551 -0.5597719  -0.11945988 -0.78087335
 -0.76570052  0.1608106   0.70675294  0.10859176 -0.37006003  0.05550491
  0.98342308  0.58184716  0.80368389 -0.31427889 -0.98790822 -0.5700012
 -0.77031752 -0.77383263  0.51796901  0.05339688 -0.89159535  0.4734596
 -0.88952916  0.93764376 -0.97922772  0.32926133 -0.58662151 -0.44028037
  0.93690458  0.19980871  0.88368075  0.2011038  -0.97617122  0.86991408
  0.29193243  0.16028011  0.77739609 -0.55923023  0.56998599  0.32926732
 -0.03747985  0.97163843  0.76282565  0.88915339  0.31592797 -0.99545768
 -0.59404016 -0.88660009 -0.76882605  0.82270225  0.97777153 -0.80576025
  0.41848817  0.27653157  0.33678844  0.2864078  -0.3196191   0.96033038
 -0.63167413 -0.65665771  0.78740605 -0.86974211 -0.84515803 -0.61874573
 -0.99444051 -0.8683889  -0.23768811 -0.42136166 -0.6341207   0.98591254
 -0.71014886 -0.89634741  0.48001012]

GEN: 495
MAX SCORE: 131.0
[ 0.86032848  0.6355146  -0.9296123   0.83469285 -0.84654162  0.95685214
 -0.5954571   0.26385726 -0.01999611 -0.98367205 -0.876936    0.43728567
  0.31564755 -0.44149027  0.46050911  0.8026854   0.16261186 -0.14771528
  0.50467886  0.29584691 -0.97211264  0.88135021  0.00559375 -0.86796252
 -0.3891301  -0.21724477 -0.55212717  0.96119481  0.36526025 -0.87125204
 -0.93734312  0.5541107   0.94790394 -0.91335995 -0.33899343 -0.60921419
  0.61167702  0.58694815 -0.47197551 -0.56018731 -0.11945988 -0.78087335
 -0.76570052  0.16081078  0.70761157  0.10859176 -0.37006003  0.05550491
  0.98342308  0.58184716  0.80368389 -0.31427889  0.68669664 -0.5700012
 -0.80477579 -0.77383263  0.29075784  0.05339688 -0.89159535  0.39560769
 -0.51638818  0.89889337 -0.97922772  0.22655145 -0.58662152 -0.36614921
  0.93690458  0.19980871  0.88368075  0.2011038  -0.97617122  0.86991408
  0.092183    0.16028011  0.77739609 -0.55923023  0.56998599  0.32847971
 -0.03747985  0.97163843  0.76282565  0.88915339  0.31592797 -0.99545768
 -0.59404016 -0.94614081 -0.76897101  0.82246106  0.97791428 -0.79083089
  0.42322672  0.27653157  0.33678844  0.2864078  -0.3196191   0.96414808
 -0.7241256  -0.84796787  0.78740605 -0.86974211 -0.84515803 -0.61874573
 -0.99444051 -0.8683889  -0.2376596  -0.42555255 -0.6341207   0.98591254
 -0.71014886 -0.89634741  0.48001012]

GEN: 510
MAX SCORE: 127.0
[ 0.8709889   0.65138906 -0.91366997  0.83469285 -0.84654162  0.95685214
 -0.59555025  0.25950807 -0.01999611 -0.9895063  -0.876936    0.43069367
  0.31564757 -0.44149027  0.46834868  0.8026854   0.16261186 -0.14698863
  0.50467886  0.29584691 -0.97211264  0.88135021  0.00559375 -0.8838755
 -0.35573967 -0.21724477 -0.55212717  0.96119481  0.36526025 -0.87125204
 -0.92617678  0.51910926  0.94790394 -0.89150669 -0.45221823 -0.60921413
  0.61167702  0.58694815 -0.85714259 -0.57840683 -0.11945988 -0.78087335
 -0.89573234  0.16081078  0.70759851  0.10859176 -0.37006003  0.05550491
  0.74952979  0.58408116  0.80368389 -0.35634827  0.71504625 -0.57016181
  0.41346332 -0.77383263  0.51748666  0.05339688 -0.89159535  0.36294114
 -0.87417841  0.94067748 -0.97922772  0.22624257 -0.58662131 -0.36337558
  0.93690458  0.19980871  0.88368075  0.2011038  -0.97617122  0.86991408
 -0.81916167  0.16018737  0.77739609 -0.55923023  0.56998599  0.28569485
 -0.03747985  0.97163843  0.76282565  0.88915339  0.31592797 -0.9974763
 -0.59404016 -0.9676619  -0.76896613  0.81241163  0.97777148 -0.78989167
  0.42534298  0.27653157  0.33678844  0.2864078  -0.3196191   0.95926346
 -0.72431753 -0.70692728  0.78740605 -0.86974211 -0.84515803 -0.61790743
 -0.99444051 -0.8683889  -0.23766053 -0.4255465  -0.6341207   0.98591254
 -0.71014886 -0.89634741  0.48001012]

GEN: 525
MAX SCORE: 126.0
[ 0.87137695  0.65040969 -0.91366997  0.83469285 -0.84654162  0.95685214
 -0.59555025  0.25950807 -0.01999611 -0.98945681 -0.97848282  0.43069367
  0.42761985 -0.44149027  0.46834868  0.8026854   0.33169339 -0.14698863
  0.50467886  0.29584691 -0.9844908   0.88135021  0.00559375 -0.78536475
 -0.35573967 -0.21724477 -0.93837058  0.96119481  0.36526025 -0.87125204
 -0.92617678  0.51910926  0.9835424  -0.89150669 -0.45221823 -0.60921413
  0.61167702  0.58694815 -0.47508607 -0.5784043  -0.11945988 -0.78087335
 -0.89563893  0.13388137  0.70759851  0.10859176 -0.37006003  0.05550491
  0.74952979  0.58408116  0.80368389 -0.35634827  0.71504625 -0.57012913
  0.41346332 -0.77383263  0.51748666  0.23659882 -0.89159535  0.36294114
 -0.87417841  0.94067748 -0.97922772  0.22624257 -0.58662131 -0.36337558
  0.93690458  0.19980871  0.88368075  0.2011038  -0.97617122  0.86991408
 -0.81914547  0.16018737  0.77739609 -0.55923023  0.56998599  0.2860132
 -0.03747985  0.97163843  0.76282565  0.88915339  0.29307671 -0.9974763
 -0.58817931 -0.9676619  -0.76896613  0.81241163  0.92417858 -0.78989167
  0.42755514  0.27653157  0.33678844  0.2864078  -0.3196191   0.95926346
 -0.72431755 -0.91558819  0.78740605 -0.86955414 -0.84515803 -0.34968032
 -0.96980017 -0.8683889  -0.23766053 -0.4255465  -0.6341207   0.98591254
 -0.71014886 -0.89634741  0.48001012]

GEN: 540
MAX SCORE: 127.0
[ 0.87133625  0.65136409 -0.91366997  0.84492781 -0.84654162  0.95685214
 -0.59061768  0.25950807 -0.01999611 -0.98786298 -0.95893819  0.43141078
  0.42163639 -0.44149027  0.46834868  0.8026854   0.28733991 -0.14698863
  0.50467886  0.29584691 -0.97625117  0.89070631  0.00559375 -0.78536475
 -0.35573967 -0.21724477 -0.94987473  0.98452696  0.36526025 -0.87125204
 -0.92617678  0.47373144  0.9834782  -0.89150669 -0.45221823 -0.60921413
  0.61167702  0.58632467 -0.5095993  -0.57840423 -0.11945988 -0.78087335
 -0.75339054  0.28295041  0.70759851  0.10859176 -0.37006003  0.05550491
  0.74952979  0.58408116  0.80368389 -0.35634827  0.71504625 -0.57013459
  0.41346332 -0.77383263  0.51748666  0.23756259 -0.89159535  0.36294114
 -0.87417841  0.94067748 -0.97922772  0.22624257 -0.58662131 -0.36337558
  0.93690458  0.19980871  0.88368075  0.32663987 -0.97617122  0.86991408
 -0.81916167  0.16018737  0.77743258 -0.55923023  0.56998599  0.51406363
 -0.03747985  0.97163843  0.76282565  0.88915339  0.29430031 -0.9974763
 -0.59404016 -0.9676619  -0.76896613  0.76669117  0.92683131 -0.78988858
  0.42839586  0.27653157  0.33678844  0.2864078  -0.3196191   0.95926346
 -0.72431755 -0.90242298  0.78740605 -0.86955415 -0.84515803 -0.34954257
 -0.96731947 -0.8683889  -0.23766053 -0.40595265 -0.6341207   0.98591254
 -0.71014886 -0.89634741  0.48001012]

GEN: 555
MAX SCORE: 129.0
[ 0.87125634  0.6513924  -0.91366997  0.83461574 -0.84654162  0.95685214
 -0.58185074  0.25950807 -0.01999611 -0.98794821 -0.98785032  0.43076085
  0.23121555 -0.44149027  0.46834868  0.8026854   0.30089882 -0.14698863
  0.50467886  0.29733768 -0.97661324  0.823504    0.00559375 -0.78536475
 -0.35573967 -0.21724477 -0.9473694   0.966749    0.36526025 -0.87125204
 -0.92617678  0.50856188  0.98347848 -0.86934293 -0.45221823 -0.60921413
  0.61167702  0.58533009 -0.50332087 -0.57840386 -0.11945988 -0.78087335
 -0.72369631  0.31127105  0.71855579  0.10859176 -0.37006003  0.05550491
  0.74952979  0.58408116  0.88505788 -0.35634827  0.71504625 -0.57013569
  0.41346332 -0.77383263  0.51748666  0.22223972 -0.89178923  0.36294114
 -0.87417841  0.94067748 -0.97922772  0.22624257 -0.58662131 -0.36832501
  0.93690458  0.19980871  0.88368075  0.32800559 -0.97617122  0.86994415
 -0.81916167  0.16018737  0.84006865 -0.56003097  0.56998599  0.10983023
 -0.03747985  0.97204918  0.76282565  0.88915339  0.29324126 -0.9974763
 -0.40614958 -0.9676619  -0.76896613  0.81272249  0.9243196  -0.84309993
  0.42860574  0.2910458   0.33678844  0.2864078  -0.3196191   0.95926346
 -0.72431755 -0.79601388  0.78740605 -0.86955415 -0.84515803 -0.34958475
 -0.97100385 -0.8683889  -0.110331   -0.37248284 -0.6341207   0.98591254
 -0.71014886 -0.89634741  0.48001012]

GEN: 570
MAX SCORE: 130.0
[ 0.87125469  0.65136959 -0.91366997  0.83461574 -0.84654162  0.9202321
 -0.58185952 -0.08966871 -0.01999611 -0.98792965 -0.98952961  0.43076638
  0.22747001 -0.44149027  0.46834868  0.8026854   0.29449513 -0.1415204
  0.50467886  0.29504111 -0.97661305  0.823504    0.00559375 -0.78474924
 -0.35573967 -0.21724477 -0.94722422  0.96654751  0.39934626 -0.87125204
 -0.92617678  0.51625577  0.98347065 -0.88184376 -0.45221823 -0.60921413
  0.61167702  0.59441578 -0.50332454 -0.57840386 -0.11945988 -0.78087335
 -0.72367463  0.31293844  0.70296374  0.10859176 -0.37006003  0.05550491
  0.74952979  0.58408116  0.88568073 -0.35634827  0.71504625 -0.57013568
  0.41346332 -0.77383263  0.79693372  0.23140624 -0.89214025  0.36294114
 -0.94141158  0.93874502 -0.99867189  0.22624257 -0.58662131 -0.36694302
  0.93690458  0.19980871  0.88368075  0.42747303 -0.976178    0.86994415
 -0.81916167  0.16018737  0.83998418 -0.56013255  0.56998599  0.10908742
 -0.03747985  0.9728209   0.76420878  0.88915339  0.29160562 -0.9974763
 -0.54604017 -0.9676619  -0.76896613  0.8124946   0.19407769 -0.79031136
  0.42860574  0.31229121  0.33678844  0.2864078  -0.3196191   0.95926346
 -0.72106456 -0.80235271  0.78740605 -0.86955415 -0.84515803 -0.34958475
 -0.97100097 -0.8683889  -0.30446141 -0.37259098 -0.6341207   0.98591254
 -0.71014886 -0.89634741  0.48001012]

GEN: 585
MAX SCORE: 130.0
[ 0.87125469  0.65136888 -0.91366997  0.83461574 -0.84654162  0.97527745
 -0.58185957  0.39582975 -0.01999611 -0.98792051 -0.98952961  0.43076638
  0.22746973 -0.44149027  0.46834868  0.8026854   0.29449624 -0.14151857
  0.50467886  0.29527485 -0.97661305  0.823504    0.00559375 -0.74416158
 -0.35573967 -0.21724477 -0.94722272  0.96028496  0.38211325 -0.8101745
 -0.91719721  0.51621625  0.98346831 -0.88211246 -0.45221823 -0.60921413
  0.60992422  0.5944152  -0.50332464 -0.57840386 -0.11945988 -0.78087335
 -0.72367452  0.31293748  0.7018821   0.10859176 -0.36454851  0.05604884
  0.74952979  0.58408116  0.88551981  0.11528221  0.71504625 -0.57013568
  0.41346332 -0.77581443  0.80383916  0.23150658 -0.89214025  0.36294114
 -0.93842225  0.93874609 -0.99867496  0.22624257 -0.58618877 -0.36690886
  0.93690458  0.19980871  0.88368075  0.42062867 -0.976178    0.86994415
 -0.81916167  0.16018737  0.83998135 -0.56013256  0.57006998  0.11184816
 -0.03747985  0.97281445  0.71352256  0.88915339  0.29160393 -0.9974763
 -0.55153543 -0.9676619  -0.76896613  0.81249459 -0.25382522 -0.16130474
  0.42860574  0.3133844   0.33678844  0.28025472 -0.3196191   0.95866198
 -0.72106771 -0.80203255  0.78740605 -0.86955415 -0.84515803 -0.34958475
 -0.97100097 -0.8683889  -0.21166831 -0.37259257 -0.62469462  0.98591254
 -0.71014886 -0.89634741  0.4820879 ]

GEN: 600
MAX SCORE: 131.0
[ 0.87125469  0.65207417 -0.91366997  0.8244324  -0.84654162  0.97250382
 -0.58185961 -0.75292219 -0.01999611 -0.98792417 -0.98952858  0.43076638
  0.22746852 -0.44149027  0.46834868  0.8026854   0.29449467 -0.14151782
  0.50467886  0.29512024 -0.97661307  0.823504   -0.1420378  -0.78097525
 -0.35573967 -0.21724477 -0.94722377  0.95870486  0.37633029 -0.64246962
 -0.94500502  0.51621625  0.88303277 -0.88201666 -0.45221823 -0.60921413
  0.61167716  0.5817285  -0.50332464 -0.57385149 -0.11945988 -0.78087335
 -0.72367541  0.31293816  0.70181257  0.10859176 -0.43579031  0.05481872
  0.79386689  0.58408116  0.88568784 -0.43665596  0.71431552 -0.58577769
  0.41346332 -0.7757655   0.79005665  0.23150173 -0.89214025  0.36294114
 -0.94044237  0.93874608 -0.99867362  0.22624257 -0.58618904 -0.36691146
  0.9369206   0.1009447   0.88368075  0.41864928 -0.976178    0.86994415
 -0.81916167  0.16018737  0.83997952 -0.56013258  0.57007313  0.14561216
 -0.03747985  0.97281898  0.7013191   0.59761044  0.29160025 -0.94796671
 -0.55144016 -0.9676619  -0.76896613  0.81249457  0.33735727 -0.21004993
  0.42860574  0.31336108  0.33678844  0.19793428 -0.3196191   0.95872671
 -0.72182076 -0.80166949  0.78740605 -0.86955415 -0.95907321 -0.34958475
 -0.97100097 -0.8683889  -0.68520408 -0.21189884 -0.62816602  0.98591254
 -0.71014886 -0.89634741  0.43685815]

GEN: 615
MAX SCORE: 138.0
[ 0.87125469  0.65202909 -0.91469926  0.71942677 -0.84654162  0.97263127
 -0.58185961 -0.82753026 -0.01999611 -0.98791706 -0.98947858  0.84540731
  0.1089278  -0.44149027  0.46834868  0.8026854   0.56966664 -0.14151782
  0.50467886  0.29516635 -0.97661311  0.823504   -0.15996609 -0.77632144
 -0.35573967 -0.21724477 -0.94607502  0.95874865  0.38151102 -0.64275536
 -0.94499541  0.51621625  0.90947134 -0.88201694 -0.45221823 -0.60921413
  0.61167701  0.58087562 -0.6330688  -0.66265517  0.25643706 -0.78087335
 -0.72367541  0.31293823  0.70181257  0.10859176 -0.43349645  0.05481906
  0.83320299  0.58408116  0.8856878  -0.40492218  0.71433875 -0.58577769
  0.41346733 -0.77576547  0.78850918  0.23150171 -0.89214025  0.36294114
 -0.94044306  0.93874608 -0.99867362  0.22624257 -0.5861888  -0.36691973
  0.9369206   0.20146079  0.88368075  0.41865162 -0.976178    0.86994415
 -0.81916167  0.16018737  0.8399828  -0.63015573  0.57618875  0.14561216
 -0.03747985  0.97281869  0.72202407  0.60564345  0.29160025 -0.93874118
 -0.55143925 -0.9676619  -0.76896613  0.81249461  0.37759788 -0.26469239
  0.42860574  0.31336121  0.33678844  0.35336    -0.3196191   0.95874041
 -0.72176741 -0.80145573  0.78740605 -0.86955415 -0.96412598 -0.34958475
 -0.97100097 -0.8683889  -0.69402171 -0.21194331 -0.62666766  0.98591254
 -0.71014886 -0.89634741  0.43680814]

GEN: 630
MAX SCORE: 140.0
[ 0.87125469  0.65202909 -0.91469926  0.70983762 -0.84654162  0.97263127
 -0.58185961 -0.82753026 -0.01999611 -0.98791706 -0.98947858  0.90575786
  0.1089278  -0.44149027  0.46834868  0.8026854   0.56966664 -0.14151782
  0.69331456  0.29516635 -0.97456664  0.823504   -0.15996609 -0.77632144
 -0.35573967 -0.21724477 -0.94607502  0.95874838  0.38157022 -0.64275549
 -0.94500758  0.51621625  0.90947134 -0.87764247 -0.45221823 -0.60921413
  0.61167701  0.58087562 -0.6330688  -0.63861411  0.25643706 -0.78087335
 -0.722985    0.31293823  0.70181257  0.10859176 -0.43349645  0.05481906
  0.83320299  0.58408116  0.8856878  -0.40492034  0.71433887 -0.58577769
  0.41346733 -0.77576547  0.78850918  0.23150171 -0.89214025  0.36294114
 -0.94044306  0.93874628 -0.99980404  0.22624257 -0.5861888  -0.36690475
  0.9369206   0.20146079  0.88368075  0.43828692 -0.976178    0.86994415
 -0.81916167  0.16018737  0.83998266 -0.63015573  0.57652943  0.14561216
 -0.03747985  0.97281869  0.72622345  0.60578759  0.29160025 -0.95043781
 -0.55143925 -0.94843313 -0.78399881  0.81428958  0.61368263 -0.26474196
  0.42860574  0.30875961  0.33678844  0.35336373 -0.3196191   0.95874042
 -0.72176741 -0.80145573  0.78740605 -0.86955415 -0.96850754 -0.34958475
 -0.97100097 -0.8683889  -0.69402171 -0.21194331 -0.62666766  0.98558401
 -0.7035545  -0.89677447  0.40498826]

