GEN: 15
MAX SCORE: 256.0
[ 0.17119828  0.77975545 -0.35600912 -0.68084945 -0.98194353  0.92817594
  0.88778115 -0.53611629  0.93892074  0.15995549 -0.65789819  0.06963142
  0.27333208 -0.86853028 -0.71226046  0.69531127  0.62433123  0.38078177
  0.15494573 -0.33948317 -0.12619888  0.68401782 -0.94068239 -0.17498672
 -0.23625692 -0.51245456 -0.92290542  0.50188433 -0.29930677 -0.79398944
 -0.91901622  0.66729528  0.79974153 -0.92893245 -0.88354569 -0.16061977
  0.35305924  0.64535118  0.10041917 -0.62263217  0.67094788 -0.85123881
 -0.81259641  0.72679311  0.6990391   0.45562395 -0.95214145  0.33404152
  0.79874562  0.57041202  0.68300694 -0.46707589  0.89403419 -0.26301083
 -0.47081318  0.77374625  0.12752958 -0.6376159  -0.43810386 -0.10979091
 -0.93338499  0.71578428 -0.66182201  0.43733127 -0.48473244  0.76495365
  0.99380451 -0.18587246  0.31908574 -0.68596835 -0.993613    0.87047245
  0.52135275 -0.46603743  0.85645226 -0.98429187  0.87156955  0.47530499
 -0.05704069  0.91515014  0.99758407  0.61734158 -0.9181681  -0.88286377
 -0.77039413  0.77608499 -0.96990468  0.8309267   0.93337732 -0.93654103
  0.77834998  0.33960416 -0.00785429  0.65440622  0.04871345  0.49903843
 -0.37229848 -0.49754248  0.27851996 -0.93095882 -0.97971877  0.78687343
 -0.91375404 -0.36556099 -0.74081825 -0.6835309  -0.93585243  0.86204281
 -0.40919315 -0.77394479  0.57474726]

GEN: 30
MAX SCORE: 249.0
[ 0.17119828  0.77975545 -0.35600912 -0.70905157 -0.03708979  0.92817594
  0.88778115 -0.53520346  0.93892074  0.13332187 -0.65830779  0.0661328
  0.27269367 -0.86853028 -0.71226046  0.69531127  0.62433123  0.38078177
  0.15494573 -0.33948317 -0.12619888  0.68401782 -0.82694398 -0.17498672
 -0.23625692 -0.51245456 -0.92290542  0.50188433 -0.29930677 -0.79398944
 -0.91901622  0.66729528  0.79974153 -0.92893245 -0.88354569 -0.16061977
  0.35305924  0.64535118  0.10041917 -0.61373944  0.67094788 -0.85123881
 -0.8193111   0.72679311  0.6990391   0.45562395 -0.95572339  0.33404152
  0.79874562  0.57041202  0.68300694 -0.46378365  0.89403419 -0.26301083
 -0.47081318 -0.71638447  0.10256524 -0.6376159  -0.43810386 -0.10979091
 -0.93337178  0.71578428 -0.81272462  0.43744996 -0.48473244  0.81949746
  0.98076049 -0.18587246  0.31908574 -0.68586897 -0.993613    0.87044571
  0.52135276 -0.4660369   0.85645226 -0.98429187  0.87156955  0.46046237
 -0.05339892  0.60454991  0.99758407  0.61734158 -0.9181681  -0.88286377
 -0.92459353  0.90575364 -0.98775692  0.8309267   0.93337732 -0.93654103
  0.77834998  0.38920491 -0.00785429  0.65440622  0.04871324  0.49903843
 -0.37229848 -0.49754248  0.27746926 -0.93095882 -0.97971877  0.78687343
 -0.91375404 -0.36556099 -0.75057612 -0.6835309  -0.93585243  0.86204281
 -0.40919315 -0.77863786  0.57474726]

GEN: 45
MAX SCORE: 221.0
[ 0.17119828  0.77975545 -0.35600912 -0.70895258 -0.99781361  0.92817594
  0.88778115 -0.53647089  0.93892074  0.16205462 -0.65830779 -0.07540929
  0.32076333 -0.86853028 -0.71226046  0.69531127  0.62433123  0.40268649
  0.15494573 -0.33940068 -0.12619888  0.69196908 -0.39156478 -0.17498672
 -0.23625692 -0.51245456 -0.92290542  0.50188433 -0.29930677 -0.79398944
 -0.91901622  0.66739397  0.79974153 -0.92893245 -0.88354569 -0.16061977
  0.35305924  0.64535118  0.10041917 -0.61258971  0.67094788 -0.85123881
 -0.82201575  0.72778653  0.6990391   0.45562395 -0.95572339  0.33404152
  0.79874562  0.57929706  0.68300694 -0.39649099  0.89403419 -0.26301083
 -0.4047431   0.47190175  0.09179909 -0.6376159  -0.43810386 -0.10979091
 -0.93876967  0.71578428 -0.81900575  0.43745438 -0.48473244  0.77556857
  0.98797791 -0.18587246  0.31908574 -0.68586897 -0.993613    0.87042853
  0.52135203 -0.46605209  0.85645226 -0.98429187  0.87156955  0.4604379
 -0.08269212  0.6433258   0.99758407  0.61734158 -0.9181681  -0.88286377
 -0.91113804  0.90575356 -0.98856834  0.8309267   0.94679875 -0.93654103
  0.77834998  0.64654914 -0.00785429  0.65440622  0.04871365  0.49903843
  0.20113673 -0.44041795  0.25503177 -0.93095882 -0.97971877  0.78687343
 -0.91375404 -0.36556099 -0.7715424  -0.64592045 -0.93585243  0.86204281
 -0.40919315 -0.77440968  0.57474726]

GEN: 60
MAX SCORE: 227.0
[ 0.17119828  0.77975545 -0.35600912 -0.70895258 -0.99781506  0.92817594
  0.88778115 -0.53647089  0.93727782  0.16235944 -0.65830779 -0.07471558
  0.32076333 -0.86853028 -0.71226046  0.69531127  0.62433121  0.16019014
  0.15494573 -0.33940068 -0.12619888  0.6919441  -0.39156478 -0.17498672
 -0.23625692 -0.50261609 -0.92315368  0.50188433 -0.29930677 -0.79398944
 -0.91901622  0.14598838  0.79974153 -0.92893245 -0.88354569 -0.16061977
  0.35305924  0.64535118  0.10041917 -0.61259042  0.67094788 -0.85123881
 -0.82201575  0.72778653  0.6990391   0.45562395 -0.95572339  0.33404152
  0.79874562  0.56899202  0.68300694 -0.39649099  0.89403419 -0.26301083
 -0.40495661  0.42218949  0.09179909 -0.6376159  -0.43810386 -0.10979091
 -0.90304899  0.71578428 -0.78317112  0.43745506 -0.48473164  0.77556857
  0.98811227 -0.18587246  0.31908574 -0.41210908 -0.993613    0.87042853
  0.52135189 -0.46605278  0.85645226 -0.98429187  0.87156955  0.46041783
 -0.08269212  0.6433258   0.99758407  0.61734158 -0.9181681  -0.88286377
 -0.936529    0.90575356 -0.98856837  0.8309267   0.94348461 -0.93654103
  0.77834998  0.64654914 -0.00785429  0.65440622  0.04871447  0.49903843
  0.18765011 -0.43943541  0.25504265 -0.93095882 -0.97971877  0.78687343
 -0.91375404 -0.36556099 -0.7715424  -0.64592045 -0.97820074  0.86204281
 -0.40919315 -0.77440789  0.57474726]

GEN: 75
MAX SCORE: 224.0
[ 0.17119828  0.77975545 -0.35600912 -0.70895258 -0.9978253   0.92817598
  0.88778115 -0.53647089  0.93815254  0.16235795 -0.65830779 -0.07471548
  0.32076333 -0.86853028 -0.71226046  0.69531127  0.64934859  0.43265961
  0.15494573 -0.33940068 -0.12619888  0.69194407 -0.20834563 -0.17498672
 -0.23625692 -0.84113528 -0.92230863  0.50188433 -0.29930677 -0.7940165
 -0.91901622  0.45021751  0.79974153 -0.92893245 -0.88354569 -0.15981662
  0.35305924  0.64161107  0.77177984 -0.61259042  0.72026817 -0.85123242
 -0.82201575  0.72689885  0.6990391   0.45562395 -0.95572339  0.33404152
  0.79874562  0.56919666  0.68300694 -0.39649099  0.89403419 -0.26301083
 -0.40496264  0.40366015  0.09179909 -0.6376159  -0.43750582 -0.10979091
 -0.90405619  0.72336076 -0.78317112  0.43745241 -0.47608533  0.77556857
  0.98811253 -0.18587246  0.31908574 -0.60527559 -0.86722993  0.87042853
  0.49988007 -0.46605279  0.85645226 -0.69703299  0.87156955  0.46041763
 -0.08268969  0.6433258   0.99758407  0.61734158 -0.9181681  -0.88286377
 -0.93433056  0.90575356 -0.98856836  0.8309267   0.9441023  -0.93654103
  0.77834998  0.64654914  0.00128644  0.65440622  0.04871814  0.51610824
 -0.01303202 -0.43768154  0.25504266 -0.93176709 -0.97971877  0.80755257
 -0.91488384 -0.36607678 -0.77192144 -0.64592045 -0.98205733  0.86204281
 -0.40919315 -0.77440789  0.57474726]

GEN: 90
MAX SCORE: 261.0
[ 0.17119828  0.77975545 -0.35600912 -0.70895258 -0.99782766  0.9281759
  0.88778115 -0.53647089  0.93840296  0.16235908 -0.65829638 -0.0747155
  0.32076333 -0.86853028 -0.72902578  0.36705588  0.68090846  0.43266018
  0.15494573  0.71725342 -0.12619888  0.69194407 -0.22557582 -0.17498672
 -0.22860852 -0.84113528 -0.92230957  0.51420404 -0.29930677 -0.79398864
 -0.91901622  0.45042147  0.79974153 -0.92893245 -0.88354569 -0.15981587
  0.35305924  0.64161107  0.18039483 -0.61259042  0.72021422 -0.85123242
 -0.79567255  0.72897858  0.6990391   0.45562395 -0.95572339  0.33404152
  0.79874562  0.56919666  0.68300694 -0.39649099  0.89403419 -0.26301083
 -0.40496912  0.40389253  0.09186047 -0.6376159  -0.43767643 -0.10979091
 -0.89793019  0.72343659 -0.78182445  0.43744924 -0.07944967  0.77556857
  0.98811253 -0.18587246  0.31908574 -0.60525687 -0.86190995  0.87042853
  0.50252012 -0.38362672  0.84186555 -0.51749328  0.87156955  0.46041763
 -0.08272549  0.6433258   0.99758407  0.61734158 -0.9181681  -0.88286377
 -0.9342683   0.90575356 -0.98856836  0.8309267   0.94402864 -0.93654103
  0.77834998  0.64159288  0.00128724  0.65440286  0.04893649  0.52125933
  0.19065636 -0.43766986  0.44792279 -0.93175606 -0.97971877  0.81931977
 -0.91425273 -0.36557112 -0.77185935 -0.64592045 -0.98205733  0.86204281
 -0.40919315 -0.77440789  0.57474726]

GEN: 105
MAX SCORE: 255.0
[ 0.17119828  0.79132324 -0.35600912 -0.70889108 -0.99782766  0.9281759
  0.88778115 -0.53647089  0.93343012  0.16235908 -0.65829625 -0.0747155
  0.32076333 -0.86853028 -0.72919854  0.36705588  0.71628457  0.43266018
  0.15494573 -0.68929306 -0.12619888  0.69194407 -0.2169914  -0.17498672
 -0.23451133 -0.84113528 -0.92230957  0.51950368 -0.29930677 -0.79398864
 -0.91901622  0.45042222  0.79974153 -0.92893245 -0.88354569 -0.15981587
  0.35305924  0.64161107  0.18039483 -0.61259042  0.72021422 -0.85123242
 -0.79551455  0.7289786   0.6990391   0.45562395 -0.95572339  0.33404152
  0.79874562  0.56919666  0.68300694 -0.39649099  0.89403419 -0.26301083
 -0.40496912  0.40389253  0.09186047 -0.6376159  -0.44323816 -0.10979091
 -0.89793019  0.72122316 -0.78182443  0.43744924 -0.04674071  0.77556857
  0.98811253 -0.18587246  0.31908574 -0.60525687 -0.86190995  0.87042853
  0.50289847 -0.40237803  0.84415359 -0.5170269   0.88204962  0.35360755
 -0.08272549  0.6433258   0.99758407  0.61734158 -0.9256601  -0.88286377
 -0.9342686   0.90575356 -0.98856836  0.8309267   0.94402511 -0.93654103
  0.77834998  0.64159143  0.00128724  0.66044955  0.04893649  0.52125933
  0.19065636 -0.43771739  0.44792279 -0.93175616 -0.97971877  0.81283734
 -0.91425273 -0.36557112 -0.77185935 -0.62753685 -0.98205733  0.86204281
 -0.40919315 -0.77798381  0.57474727]

GEN: 120
MAX SCORE: 259.0
[ 0.17119828  0.79100313 -0.36193693 -0.70889885 -0.99782766  0.9281759
  0.96313463 -0.53647089  0.92101331  0.16235908 -0.65829625 -0.0747155
  0.32076333 -0.55880084 -0.72928332  0.36705588  0.72114888  0.43266018
  0.15494573 -0.66038631 -0.12619888  0.75401458 -0.21783489 -0.16538256
 -0.23432461 -0.84113528 -0.92230957  0.51950368 -0.29930677 -0.79398864
 -0.91901622  0.45042222  0.79974153 -0.93035334 -0.83715246 -0.15981587
  0.35305924  0.64161107  0.44366546 -0.61259042  0.72021422 -0.85123242
 -0.79544999  0.90074957  0.6990391   0.45390198 -0.95572339  0.33404152
  0.79874562  0.56919666  0.68300694 -0.39649099  0.89364602 -0.26301083
 -0.40496912  0.40389253  0.09186047 -0.6376159  -0.44348896 -0.10979091
 -0.89793019  0.72132367 -0.78182443  0.43744924 -0.04654025  0.77556857
  0.98811253 -0.18587246  0.31908574 -0.40174521 -0.86190995  0.87042853
  0.50289815 -0.57562998  0.84415359 -0.51705788  0.8827449   0.29481843
 -0.08272549  0.66010572  0.99758407  0.61734158 -0.9256601  -0.88286377
 -0.93426866  0.90575356 -0.98856836  0.8309267   0.91841317 -0.93654103
  0.78949716  0.64159145 -0.00926513  0.66070182  0.04893649  0.52125933
  0.19065636 -0.43771637  0.44792279 -0.93175618 -0.97971877  0.81272059
 -0.91425273 -0.36557112 -0.77185935 -0.62827422 -0.98205733  0.92434567
 -0.40919315 -0.96477953  0.57474731]

GEN: 135
MAX SCORE: 261.0
[ 0.17119828  0.79100313 -0.3619212  -0.77904745 -0.99782766  0.9281759
  0.96390626 -0.53647089  0.92101259  0.16235908 -0.65829625 -0.0747155
  0.32076333 -0.55872733 -0.72928332  0.36705588  0.72114888  0.43266018
  0.15494573 -0.65477437 -0.13004041  0.75401458 -0.21783489 -0.16538256
 -0.23432461 -0.84113528 -0.92230957  0.51950368 -0.29930677 -0.78732602
 -0.91901622  0.45042222  0.79974153 -0.93035277 -0.83715246 -0.15981587
  0.35305924  0.64161107  0.44367885 -0.61259042  0.79976975 -0.85123242
 -0.79544999  0.90155486  0.6990391   0.45390171 -0.95572339  0.33404152
  0.79874562  0.56919666  0.68300694 -0.39649099  0.89364602 -0.26301083
 -0.40496912  0.40389253  0.09186047 -0.6376159  -0.44339239 -0.10979091
 -0.89830057  0.72132367 -0.91892181  0.43744924 -0.04654025  0.77556857
  0.98811253 -0.18587246  0.31908574 -0.40174521 -0.86190995  0.87042853
  0.50289815 -0.57840725  0.84415359 -0.51705788  0.8827449   0.29481843
 -0.08272549  0.66010572  0.99495624  0.61734158 -0.9256601  -0.88286377
 -0.93426866  0.90575356 -0.98856836  0.8309267   0.91841317 -0.93654103
  0.78949716  0.64159145 -0.00964258  0.94710161  0.04893649  0.52125933
  0.19065636 -0.43771637  0.44792279 -0.93175618 -0.97971114  0.8127206
 -0.91425273 -0.36557112 -0.77185935 -0.62829317 -0.98205733  0.91677069
 -0.40919315 -0.96501013  0.51571513]

GEN: 150
MAX SCORE: 261.0
[ 0.17119828  0.79100313 -0.36195117 -0.77904745 -0.99782766  0.9281759
  0.9639082  -0.53647089  0.92101253  0.16235908 -0.65829625 -0.0747155
  0.32076333 -0.55879432 -0.72928332  0.36705588  0.72114888  0.43266018
  0.15494573 -0.654775   -0.13004415  0.75393865 -0.21783489 -0.16538256
 -0.23432458 -0.84113528 -0.92230957  0.51950368 -0.29930677 -0.78732602
 -0.91901622  0.45042222  0.79974153 -0.93035277 -0.83715246 -0.15981587
  0.35305924  0.64161107  0.44367877 -0.61259042  0.79976785 -0.85123242
 -0.79544999  0.90074957  0.6990391   0.45390171 -0.95572339  0.33404152
  0.79874562  0.56919666  0.35871606 -0.39720552  0.89364602 -0.26301083
 -0.40496912  0.40389253  0.18179287 -0.6376159  -0.44350333 -0.10979091
 -0.89837249  0.72132367 -0.91892181  0.43744924 -0.04654025  0.77556857
  0.98811253 -0.18587246  0.31908574 -0.40174521 -0.86190995  0.87042853
  0.50289815 -0.57850957  0.84415359 -0.51705788  0.8827449   0.80854352
 -0.08272549  0.66010572  0.99495624  0.61734158 -0.9256601  -0.8829305
 -0.93426866  0.90589603 -0.98856836  0.8309267   0.91841317 -0.93654103
  0.78949716  0.64159145 -0.00965466  0.94774462  0.04893649  0.52125933
  0.19065636 -0.43771637  0.44792279 -0.93175618 -0.97971114  0.8127206
 -0.91425273 -0.36557112 -0.77185935 -0.62829317 -0.98205733  0.91677812
 -0.41122221 -0.92694551  0.51571513]

GEN: 165
MAX SCORE: 253.0
[ 0.17119828  0.79100313 -0.36195096 -0.77904745 -0.99782766  0.9281759
  0.9639082  -0.5329844   0.92101253  0.34024526 -0.65829625 -0.0747155
  0.32076333 -0.55889209 -0.72928332  0.36705588  0.72114888  0.43266018
  0.15494573 -0.654775   -0.1094118   0.75393865 -0.21783489 -0.15082516
 -0.23432458 -0.84113528 -0.92230957  0.51950368 -0.29930677 -0.78732602
 -0.91901622  0.45042222  0.79974153 -0.93035277 -0.86180373 -0.15981587
  0.35305924  0.64161107  0.44367877 -0.61259042  0.79890938 -0.85401668
 -0.79544999  0.90074957  0.6990391   0.45390171 -0.95572339  0.33404152
  0.79874562  0.56919666  0.68300694 -0.39675369  0.89364602 -0.26301083
 -0.40159408  0.40389253  0.18179287 -0.6376159  -0.44350333 -0.10979091
 -0.91653138  0.72124514 -0.91892181  0.43744924 -0.04654025  0.77556857
  0.98811253 -0.18587246  0.35492636 -0.40174521 -0.86190995  0.87042853
  0.50289815 -0.57850957  0.84415359 -0.51618093  0.8827449   0.14601837
 -0.08272549  0.66010572  0.99495624  0.61734158 -0.92689408 -0.98038795
 -0.93280549  0.90590344 -0.98856836  0.8309267   0.91841317 -0.93654103
  0.78949716  0.64159145 -0.00965466  0.94774462  0.04893649  0.52125933
  0.19065636  0.08036106  0.4474338  -0.93175618 -0.97971114  0.8127206
 -0.91425273 -0.36557112 -0.77185935 -0.62829317 -0.98205733  0.91677812
 -0.41119057 -0.92694551  0.51571513]

