GEN: 50
BEST SCORE: 85
[[-0.15713518  1.72488577 -0.75928503 -0.17919896 -1.20190239]
 [ 1.20104357  0.21120158 -0.27185497  0.62703596 -0.49483581]
 [-0.57439009  0.09081344 -0.97200207 -1.03807741  1.61782258]
 [-1.78065573  1.44006707  0.11960777  0.34083429 -0.46363152]]
[[-0.47295204  0.57237784  0.3458024  -0.19304267]
 [-0.42709095  0.88702482  1.10192885 -1.49708358]
 [ 1.64703255 -0.33979788 -0.91197291 -0.04904118]
 [-1.51767022 -0.77088543 -2.0669356  -1.78060916]]
[ 0.47507035  0.31440403  0.36900495 -0.19281388]

GEN: 100
BEST SCORE: 344.3585653882155
[[-0.09491492  1.69552826 -0.6703486  -0.20471636 -1.10862998]
 [ 1.1916277   0.26910453 -0.28910158  0.6616755  -0.495234  ]
 [-0.51329091  0.07736133 -1.03461675 -1.02572362  1.6574881 ]
 [-1.65425267  1.35497056  0.13430517  0.2919907  -0.35372051]]
[[-0.37791061  0.56447885  0.44800549 -0.20794651]
 [-0.45668541  0.87923852  1.12997454 -1.68015247]
 [ 1.69270178 -0.29280848 -0.87767645  0.00488672]
 [-1.55464251 -0.82047598 -1.96660517 -1.76859398]]
[ 0.42994841  0.32833869  0.43796873 -0.27961148]

GEN: 150
BEST SCORE: 216.6579866682317
[[-0.03141853  1.75327931 -0.66589614 -0.22991091 -0.98769671]
 [ 1.21434644  0.22630562 -0.26396106  0.78758125 -0.54905797]
 [-0.61134112  0.10650395 -1.03087435 -0.93406056  1.70003967]
 [-1.68607286  1.30919406  0.12937395  0.32289574 -0.38792611]]
[[-0.43340558  0.52144426  0.45286804 -0.17557441]
 [-0.482421    0.71570672  1.11878325 -1.6741234 ]
 [ 1.68400139 -0.40154402 -0.91899824  0.00887442]
 [-1.55035009 -0.8257581  -1.93634413 -1.75229203]]
[ 0.40247815  0.35321954  0.40853377 -0.21216935]

GEN: 200
BEST SCORE: 367.5892466063709
[[-0.06015144  1.88191008 -0.45321173 -0.12050439 -1.00126672]
 [ 1.19107543  0.32311742 -0.23617281  0.62058931 -0.55020914]
 [-0.64069686  0.09824686 -0.8643813  -0.79405512  1.75111365]
 [-1.79720722  1.22972217  0.08299566  0.36036861 -0.33920303]]
[[-0.39070949  0.59864218  0.37755122 -0.22884853]
 [-0.46921254  0.68474127  1.09962894 -1.58371429]
 [ 1.73876444 -0.25219797 -1.03323996 -0.03249295]
 [-1.48680701 -0.72674383 -1.84339129 -1.72309854]]
[ 0.38627158  0.33938917  0.34822536 -0.19231464]

GEN: 250
BEST SCORE: 205.7807938624927
[[-0.10696476  1.80708325 -0.55751118 -0.16846971 -1.13151363]
 [ 1.03878829  0.43097418 -0.29648964  0.71808326 -0.39747116]
 [-0.65887755  0.22035021 -0.87701215 -0.85455533  1.47215979]
 [-1.8520182   1.21982831  0.18930041  0.20913537 -0.28903389]]
[[-4.57010776e-01  5.07775728e-01  4.24303005e-01 -3.44957681e-01]
 [-4.48367338e-01  6.34620136e-01  1.19119061e+00 -1.51550561e+00]
 [ 1.67581639e+00 -1.85608936e-01 -1.10481910e+00  1.17579800e-03]
 [-1.43303700e+00 -5.81911706e-01 -1.75917332e+00 -1.69561836e+00]]
[ 0.38450465  0.31999651  0.2937363  -0.19909889]

GEN: 300
BEST SCORE: 265.45506543285046
[[-0.13500889  1.77610573 -0.56944198 -0.13323568 -1.15290502]
 [ 1.05667503  0.34311829 -0.2145549   0.77933254 -0.47741547]
 [-0.67377202  0.1946102  -0.85387689 -0.81796824  1.51371954]
 [-1.9137494   1.18901916  0.07545487  0.16034507 -0.35220335]]
[[-0.40976275  0.57965446  0.43794035 -0.32867528]
 [-0.50399656  0.65318669  1.34031073 -1.60278516]
 [ 1.68457435 -0.20644387 -1.0482735  -0.01804152]
 [-1.48815704 -0.50928667 -1.7910488  -1.63834711]]
[ 0.41708118  0.32677821  0.36174285 -0.1333798 ]

GEN: 350
BEST SCORE: 218.33666711073514
[[-0.11790827  1.83171222 -0.62525152 -0.21244816 -1.16120296]
 [ 1.08925657  0.2646105  -0.2604135   0.81450565 -0.41018675]
 [-0.69274724  0.20004412 -0.88582558 -0.79831979  1.5284618 ]
 [-1.8343879   1.1802715   0.10524127  0.13777627 -0.33855406]]
[[-0.46256955  0.56344699  0.41266538 -0.27832924]
 [-0.48429285  0.60081406  1.31534029 -1.57863595]
 [ 1.62718691 -0.20442717 -1.05865321 -0.00442654]
 [-1.42883553 -0.52682391 -1.74291394 -1.64958572]]
[ 0.41930295  0.27956168  0.37245878 -0.0708126 ]

GEN: 400
BEST SCORE: 340.06238103956656
[[-0.11082646  1.81301703 -0.62471686 -0.14498309 -1.15226058]
 [ 1.07954322  0.21813101 -0.35655946  0.8147486  -0.40407391]
 [-0.70294505  0.19242368 -0.88973108 -0.80155617  1.57230136]
 [-1.82833853  1.16556377  0.10841199  0.09317341 -0.40024324]]
[[-0.48473764  0.61236941  0.4774439  -0.29833705]
 [-0.49312445  0.54372198  1.31473351 -1.58085471]
 [ 1.58840476 -0.22763033 -1.01746368 -0.04767758]
 [-1.39673024 -0.47747024 -1.75924104 -1.70174321]]
[ 0.43083599  0.30898267  0.38465548 -0.09661892]

GEN: 450
BEST SCORE: 217.39455867847045
[[-0.09386325  1.9677331  -0.5804976  -0.16302657 -1.05385696]
 [ 1.05474441  0.22951345 -0.36352181  0.91886608 -0.35374872]
 [-0.77109607  0.16888985 -0.89783514 -0.85200255  1.55646818]
 [-1.86903059  1.1943072   0.10227377  0.0646136  -0.44570261]]
[[-0.44259929  0.73235302  0.4792038  -0.2886967 ]
 [-0.47533746  0.50797198  1.28060242 -1.50866742]
 [ 1.59609402 -0.29781116 -0.99583345 -0.05871209]
 [-1.4037697  -0.46474417 -1.70520876 -1.75596941]]
[ 0.37526066  0.27459007  0.41760169 -0.11240616]

GEN: 500
BEST SCORE: 234.29289948175457
[[-0.04959365  1.92241439 -0.60246084 -0.13298067 -1.03989776]
 [ 1.01256235  0.20240948 -0.34919787  0.82976428 -0.46948691]
 [-0.79635745  0.14627316 -0.88575673 -0.85413856  1.56201952]
 [-1.86539601  1.16409106  0.09207652  0.11447647 -0.42799856]]
[[-0.46962432  0.69200102  0.4146179  -0.2593459 ]
 [-0.44736933  0.51421042  1.27206516 -1.53796895]
 [ 1.65175896 -0.37608232 -0.97400685 -0.10446396]
 [-1.33315496 -0.51737081 -1.75347572 -1.81870955]]
[ 0.37037299  0.3483054   0.41382413 -0.09532507]

GEN: 550
BEST SCORE: 324.9390205399829
[[-0.05020383  1.87089207 -0.71353555 -0.25597047 -0.94900916]
 [ 0.91955639  0.16310987 -0.24970655  1.04607257 -0.53044572]
 [-0.79930302  0.16525296 -0.87375247 -0.94766889  1.48563109]
 [-2.03789918  1.16016595  0.22139216  0.04690854 -0.43869907]]
[[-0.4629712   0.8012447   0.42298783 -0.33407318]
 [-0.49180484  0.62166132  1.20352808 -1.49431049]
 [ 1.74755445 -0.25575964 -0.93467651 -0.27882422]
 [-1.38438447 -0.65815078 -1.90258934 -1.80202391]]
[ 0.40997014  0.37861734  0.41225851 -0.04082324]

GEN: 600
BEST SCORE: 211.275676484211
[[-0.09716276  1.90369395 -0.64620554 -0.14396942 -1.06979929]
 [ 0.93612221  0.31490259 -0.21799508  1.05224907 -0.49051114]
 [-0.81847395  0.1066769  -0.7463409  -1.0266366   1.53975134]
 [-2.06228631  1.09562225  0.18963243 -0.03454594 -0.45994792]]
[[-0.53383711  0.73630321  0.43514724 -0.47266252]
 [-0.49876883  0.62084721  1.26243496 -1.39002656]
 [ 1.77343642 -0.34950533 -0.85468806 -0.22261963]
 [-1.33932407 -0.52698755 -2.00043439 -1.88072151]]
[ 0.36083508  0.33084157  0.44312227 -0.0101366 ]

GEN: 650
BEST SCORE: 209.54619441511994
[[-6.39574063e-02  2.04308354e+00 -7.42018460e-01 -1.99524403e-01
  -1.17337951e+00]
 [ 8.19983748e-01  1.82953239e-01 -3.18260000e-02  1.04055174e+00
  -5.98789955e-01]
 [-9.62579142e-01  1.20909600e-01 -7.44576967e-01 -1.06822988e+00
   1.64750445e+00]
 [-2.13335457e+00  1.17416609e+00  2.25739976e-01  4.44516117e-04
  -4.13181605e-01]]
[[-0.62851959  0.54272011  0.30373859 -0.55832092]
 [-0.6044324   0.66769527  1.29174481 -1.44248618]
 [ 1.66760404 -0.30294139 -0.89423815 -0.28578024]
 [-1.24960428 -0.68689106 -2.06047906 -1.91851252]]
[0.33243587 0.3678956  0.46065107 0.17662691]

GEN: 700
BEST SCORE: 233.56891386839638
[[-0.13728335  2.05144323 -0.50913896 -0.32684075 -1.22673269]
 [ 0.80834006  0.41762825  0.07298196  1.05129916 -0.61023148]
 [-0.9726098  -0.03807915 -0.7502587  -1.08828855  1.73021157]
 [-2.20483042  1.31869605  0.16378754  0.15235641 -0.60072678]]
[[-0.50092989  0.63866408  0.27643604 -0.41007471]
 [-0.53770521  0.60910929  1.38441755 -1.4664107 ]
 [ 1.69994529 -0.20707643 -0.89363943 -0.02168954]
 [-1.3595819  -0.43693324 -1.93648273 -1.88070747]]
[0.35835401 0.33845056 0.4978626  0.27952935]

GEN: 750
BEST SCORE: 210.724268274823
[[-0.1332395   2.05245163 -0.51891402 -0.43966466 -1.3360969 ]
 [ 0.78916983  0.34747902  0.09641269  1.09359458 -0.53326567]
 [-1.019172    0.02963808 -0.77849415 -1.13964798  1.79270256]
 [-2.30939975  1.24275073  0.25901488 -0.02067973 -0.69268901]]
[[-0.50881667  0.65135045  0.21839634 -0.45007484]
 [-0.4620014   0.50774866  1.32852035 -1.44529278]
 [ 1.7035295  -0.26875298 -0.81621192  0.04726832]
 [-1.54262435 -0.40294696 -2.03410876 -1.93152729]]
[0.38552593 0.30378375 0.44003102 0.41963225]

GEN: 800
BEST SCORE: 206.33080555135433
[[-0.05490034  2.03114752 -0.50944802 -0.4167834  -1.35833596]
 [ 0.85576442  0.38655031  0.00932489  1.04052806 -0.60023786]
 [-1.02312785  0.0354173  -0.76464257 -1.08162883  1.68914223]
 [-2.2259832   1.22135029  0.16106946  0.04006261 -0.72769   ]]
[[-0.49355838  0.68380206  0.18830401 -0.43059617]
 [-0.50054383  0.50264512  1.29577389 -1.50161356]
 [ 1.72771463 -0.25703441 -0.85030595  0.07202932]
 [-1.58764701 -0.45859799 -1.95886661 -1.90486998]]
[0.37878488 0.35201173 0.45151312 0.39114259]

GEN: 850
BEST SCORE: 208.49257943357054
[[-0.15969561  1.97579984 -0.45601855 -0.30329083 -1.35133821]
 [ 0.83132772  0.38389617  0.06190513  0.85144568 -0.52843693]
 [-0.91906114 -0.04543209 -0.77156017 -1.15135685  1.75164839]
 [-2.32387133  1.4211802   0.09515987  0.1447022  -0.83241248]]
[[-0.54745573  0.72472476  0.24841014 -0.30871973]
 [-0.65270881  0.7989231   1.40273666 -1.46979471]
 [ 1.72370503  0.02838479 -0.74293833  0.06471896]
 [-1.74394579 -0.45543282 -2.0403102  -1.79874804]]
[0.38851188 0.33489546 0.41012283 0.37550919]

GEN: 900
BEST SCORE: 264.9061515284051
[[-0.11195645  1.9393068  -0.47658381 -0.26287253 -1.37393975]
 [ 0.81600993  0.28704161  0.0628953   0.83472152 -0.53550803]
 [-0.95355403 -0.02603183 -0.86738569 -1.14205998  1.70992164]
 [-2.30575138  1.44689657  0.15531188  0.06840547 -0.78518177]]
[[-0.58012388  0.87850132  0.26189968 -0.44236742]
 [-0.6295437   0.87348842  1.52559243 -1.4611806 ]
 [ 1.80324931 -0.02744326 -0.67527879 -0.08748564]
 [-1.69819178 -0.42896209 -2.00398553 -1.81007651]]
[0.41486663 0.35191935 0.47530425 0.36275549]

GEN: 950
BEST SCORE: 351.0069596599483
[[-0.12690158  2.04184429 -0.48056075 -0.21611163 -1.47271163]
 [ 0.85468128  0.21393615  0.18307932  0.70535339 -0.52715036]
 [-0.85961848 -0.07795581 -1.048108   -1.26244029  1.56640347]
 [-2.28644192  1.45057461  0.25532906  0.23604528 -0.62512219]]
[[-0.60287349  0.87705207  0.09766042 -0.40979677]
 [-0.46292148  0.74184478  1.4204837  -1.43995967]
 [ 1.74455232 -0.1966037  -0.89598153 -0.15831504]
 [-1.75512232 -0.57559916 -1.89323467 -1.83198807]]
[0.39806083 0.33113817 0.57896448 0.38991948]

GEN: 1000
BEST SCORE: 265.69952275096864
[[-0.03370999  1.93009493 -0.51626149 -0.17871231 -1.48596966]
 [ 0.87607567  0.22929384  0.28092473  0.73314451 -0.53260244]
 [-0.77751599 -0.12722741 -1.00883244 -1.22620647  1.47139455]
 [-2.4049786   1.40583655  0.17411313  0.25864576 -0.73836217]]
[[-0.50824972  0.97588411  0.09404108 -0.39797244]
 [-0.38738885  0.76979256  1.23002812 -1.413418  ]
 [ 1.78597275 -0.2165837  -0.92797963 -0.13203943]
 [-1.92279602 -0.51508195 -1.81399975 -1.79261615]]
[0.37449337 0.34498026 0.61039392 0.36206231]

GEN: 1050
BEST SCORE: 232.70612797609937
[[-0.06724942  1.91678711 -0.50629574 -0.19886992 -1.47873776]
 [ 0.90213481  0.22193     0.28376544  0.72406575 -0.52891843]
 [-0.89357731 -0.12274237 -1.0081102  -1.30933368  1.47631031]
 [-2.34086718  1.4078255   0.18012523  0.188564   -0.61597014]]
[[-0.50017926  0.96720631  0.14066024 -0.407197  ]
 [-0.36278245  0.80787884  1.19861463 -1.52878648]
 [ 1.81973848 -0.25228849 -0.86918731 -0.13867378]
 [-1.85814501 -0.55951705 -1.8162615  -1.83336217]]
[0.38190087 0.29931327 0.6726902  0.35895685]

GEN: 1100
BEST SCORE: 270.47719748152764
[[-0.06076774  1.9299665  -0.50527739 -0.18598594 -1.50325046]
 [ 0.94222117  0.29025759  0.31201596  0.73530894 -0.51700475]
 [-0.93446488 -0.1722997  -0.91437773 -1.37062998  1.45656652]
 [-2.31066031  1.3768589   0.17816645  0.17609776 -0.56258747]]
[[-0.58706532  1.02159629  0.15383907 -0.3222341 ]
 [-0.40297193  0.82013512  1.13821586 -1.61042283]
 [ 1.82651569 -0.21544262 -0.85597185 -0.08302834]
 [-1.88667737 -0.64731802 -1.91100691 -1.7390681 ]]
[0.36387909 0.29351724 0.62067128 0.35845145]

GEN: 1150
BEST SCORE: 386.2905022973025
[[-0.12069635  1.85126472 -0.52795539 -0.22401902 -1.45637488]
 [ 0.94966806  0.26666365  0.33266357  0.70539072 -0.52847611]
 [-0.91040588 -0.30195222 -0.93524528 -1.31419046  1.49063248]
 [-2.37494327  1.43978802  0.0864355   0.06054217 -0.51435047]]
[[-0.50481548  0.9938016   0.08426146 -0.40862995]
 [-0.31730791  0.68475857  1.12908847 -1.53602765]
 [ 1.82186036 -0.29341142 -0.84951367  0.01004162]
 [-1.89130475 -0.66688387 -1.86903146 -1.73615651]]
[0.38748319 0.31272737 0.62852951 0.2282735 ]

GEN: 1200
BEST SCORE: 354.9326734471062
[[-0.14710498  1.92995346 -0.64556399 -0.2369405  -1.43266576]
 [ 0.91258498  0.33815623  0.24561441  0.72197125 -0.64410949]
 [-1.00748375 -0.30592848 -0.94852866 -1.25893118  1.48399425]
 [-2.36201556  1.53393873  0.15249147  0.06082432 -0.4749513 ]]
[[-0.52055744  0.99554829  0.08594213 -0.41586071]
 [-0.28976297  0.68067621  1.1426016  -1.66007174]
 [ 1.80100468 -0.39504676 -0.82235426  0.02573519]
 [-1.91093116 -0.58985638 -1.90137734 -1.75228061]]
[0.41198477 0.35654694 0.66169377 0.34026803]

GEN: 1250
BEST SCORE: 240.57038167167224
[[-0.24404971  1.94481116 -0.69198276 -0.26124892 -1.35152589]
 [ 0.91520369  0.35981272  0.25422485  0.70549567 -0.57669772]
 [-0.962342   -0.21710412 -1.05919241 -1.21688813  1.54772928]
 [-2.37741767  1.54978042  0.21958405  0.0261671  -0.43775732]]
[[-0.63896812  0.99119612  0.09420396 -0.34592652]
 [-0.35491569  0.69588283  1.20039831 -1.62545025]
 [ 1.78493329 -0.31204384 -0.66361524  0.02624973]
 [-1.87961743 -0.56984644 -1.99517883 -1.74561595]]
[0.39941018 0.30934651 0.65002508 0.27266245]

GEN: 1300
BEST SCORE: 217.05633439963879
[[-0.17967549  1.99128287 -0.62234764 -0.3165801  -1.28619801]
 [ 0.86249119  0.35388954  0.21194605  0.67532368 -0.65381851]
 [-0.95169715 -0.28050846 -1.06976681 -1.09941099  1.47446609]
 [-2.33619425  1.52088224  0.26547097 -0.05439167 -0.50413715]]
[[-0.61828408  0.94898381  0.17889261 -0.3157171 ]
 [-0.37220136  0.72424525  1.20003786 -1.7104758 ]
 [ 1.77021476 -0.46880162 -0.63061008  0.11792974]
 [-1.88953418 -0.58030714 -1.95394606 -1.69031124]]
[0.42734911 0.37835537 0.62046562 0.32806429]

