GEN: 50
BEST SCORE: 29
[[ 1.06740386 -0.30819254 -0.50302481 -0.66609377  0.78126619]
 [-0.82413898  0.21697812  0.82565731 -0.69501752 -0.12100351]
 [-0.02027753  0.29863557 -0.37711143  0.26614409  0.15197627]
 [ 0.22826464 -1.07960204  0.21211844  0.21255826  0.27001529]]
[[ 1.09054654 -0.77050036 -0.26836743 -0.52850531]
 [ 0.04170475  0.96444076 -0.50908951 -0.29215484]
 [-0.45249638  0.10482643 -0.44040289 -1.02023399]
 [-1.05545372  1.07084529 -0.97384052 -0.57609635]]
[ 0.1469243   0.93781094 -1.0360841  -0.6639099 ]

GEN: 100
BEST SCORE: 31
[[ 0.97894832 -0.32986786 -0.42991252 -0.7190605   0.68224185]
 [-0.8531342   0.31304708  0.83506011 -0.71355594 -0.3150831 ]
 [-0.24538855  0.2442138  -0.34303636  0.00596229 -0.01889471]
 [ 0.24792617 -1.16279745  0.27280465  0.01351784  0.33698405]]
[[ 1.0695017  -0.94076113 -0.21792447 -0.64571938]
 [ 0.0970507   0.95427149 -0.52122959 -0.19879342]
 [-0.61478428  0.12770795 -0.38891241 -1.10206122]
 [-0.94616892  0.95402624 -0.88173493 -0.61495618]]
[ 0.21386511  0.96372491 -0.86106346 -0.69907439]

