GEN: 50
BEST SCORE: 0
[[  -3.40660623  -7.51343031  11.01761898  -7.05051454  -3.87914327]
 [ -2.57446916  -7.1906236  -15.14201809 -7.12837185 -2.18488943]
 [ 15.6688817    8.29133147   0.91126415   -2.02685756   -5.68327935]
 [ -5.6688817    -2.29133147   0.91126415   8.02685756   15.68327935]]
[[ -2.12845767  -6.71851028  -2.7173145    1.06206683]
 [  4.72225611  -0.33053269   2.7671562    0.66203775]
 [  1.51994418   0.90280803  -6.79574688 -15.72781744]]
[15.69191362  8.87485272  5.84498056 16.05449162]

