GEN: 50
BEST SCORE: 25
[[  6.67060519  -1.17895891   2.50403175   2.31693376  -9.19901006]
 [ -4.3632329   -1.58885461 -11.26879961  -0.56242094  13.10025046]
 [ -1.42296628   7.56360867   3.62832852  -0.14989626  -2.9698874 ]
 [-10.6598997    2.78222233  -7.44068925   2.03800301   7.04786567]]
[[ 1.30063518 12.63368564  1.70619132 -4.75674923]
 [-7.81152262  1.93119346 -2.65028194 -2.40270811]
 [ 1.41704321  0.70922116 -2.18677363 -0.82702052]
 [ 7.0447776  -0.42241784  3.49294626  0.79483665]]
[ 1.77948045  1.83128365 -1.01532758  6.29554695]

GEN: 100
BEST SCORE: 10
[[  6.59107353   6.18205995   2.21134689   0.35743405  -7.09165072]
 [ -6.47975409  -0.52568087 -12.84760932  -1.45952931  15.95967827]
 [ -4.93969296  16.10565762   3.33320615   1.57719063  -4.8815905 ]
 [ -4.44963144   6.96468242  -8.90348601   7.92998299   6.13717062]]
[[ 3.25124635  8.03470961 -0.638079   -3.27023107]
 [-2.03327936 -2.96975224 -3.21776298 -7.3749757 ]
 [ 0.08618815 -0.27319438 -0.4766735   0.85079645]
 [ 4.60512549  0.70955138  2.62684417 -0.46960476]]
[ 2.51975287 -2.58012773 -3.9620807   6.75999127]

