GEN: 50
BEST SCORE: 180.5137736340718
[[-0.24761961  2.27543031 -1.06561733  0.56645022 -1.39991395]
 [ 0.41829534  0.37705012 -0.08505889  0.27192711 -0.5059559 ]
 [-0.15276616 -0.52915584 -0.77842036 -0.68915133  1.67042319]
 [-1.64356955  1.32981247 -0.25769958  0.42223652 -0.13300644]]
[[-0.47770839  0.66812025  0.27933206 -0.14196719]
 [-0.12191113  0.51992418  1.11060616 -1.0856178 ]
 [ 1.47411953 -0.80355307 -0.61633603  0.3565748 ]
 [-1.35864105 -0.48233998 -2.04749475 -1.71140409]]
[ 0.30732829  0.48478834  0.37651169 -0.05035218]

